443 64 88
0 0
0 1
0 2
0 3
0 4
0 5
0 6
0 7
0 8
0 9
0 10
0 11
0 12
0 13
0 14
0 15
0 16
0 17
0 18
0 19
0 20
0 21
0 23
0 24
0 25
0 26
0 28
0 29
0 30
0 34
0 36
0 37
0 42
0 45
0 47
0 51
0 54
0 59
0 61
0 63
0 69
0 78
0 85
1 0
1 1
1 2
1 3
1 4
1 6
1 7
1 8
1 9
1 12
1 13
1 14
1 15
1 16
1 18
1 20
1 21
1 25
1 42
1 45
2 0
2 1
2 2
2 3
2 4
2 5
2 6
2 7
2 8
2 9
2 11
2 12
2 13
2 14
2 15
2 16
2 17
2 18
2 20
2 21
2 24
2 25
2 26
2 27
2 28
2 30
2 34
2 47
2 51
2 69
2 78
2 85
3 0
3 1
3 2
3 3
3 4
3 5
3 6
3 7
3 8
3 9
3 10
3 18
3 19
3 22
3 23
3 24
3 25
3 26
3 28
3 33
3 35
3 42
3 48
3 54
3 73
3 83
4 0
4 1
4 2
4 3
4 4
4 5
4 6
4 7
4 8
4 9
4 10
4 11
4 13
4 14
4 21
4 22
4 23
4 24
4 25
4 26
4 27
4 28
4 29
4 34
4 35
4 37
4 42
4 43
4 48
4 50
4 51
4 54
4 55
4 63
4 65
4 72
4 79
4 83
5 0
5 1
5 2
5 3
5 4
5 5
5 6
5 7
5 8
5 9
5 12
5 13
5 14
5 15
5 16
5 17
5 18
5 20
5 21
5 24
5 25
5 31
5 34
5 36
5 42
5 48
5 54
5 57
5 59
5 62
5 63
5 79
5 83
6 0
6 1
6 2
6 3
6 4
6 5
6 6
6 7
6 8
6 9
6 10
6 11
6 12
6 13
6 14
6 15
6 16
6 17
6 18
6 19
6 20
6 21
6 22
6 23
6 24
6 25
6 26
6 27
6 28
6 29
6 30
6 31
6 34
6 35
6 36
6 37
6 39
6 41
6 42
6 43
6 44
6 45
6 46
6 48
6 49
6 50
6 51
6 52
6 54
6 55
6 56
6 57
6 59
6 61
6 62
6 63
6 65
6 68
6 70
6 72
6 75
6 79
6 83
6 87
7 0
7 1
7 2
7 4
7 6
7 9
7 14
7 18
7 20
7 25
7 30
7 59
8 0
8 1
8 2
8 3
8 4
8 5
8 6
8 7
8 8
8 9
8 10
8 13
8 14
8 15
8 18
8 19
8 20
8 22
8 23
8 25
8 27
8 28
8 29
8 31
8 32
8 33
8 34
8 35
8 36
8 37
8 38
8 40
8 43
8 44
8 45
8 47
8 48
8 50
8 51
8 53
8 59
8 60
8 61
8 62
8 64
8 65
8 66
8 68
8 72
8 73
8 74
8 77
8 82
8 83
8 84
8 87
9 0
9 1
9 2
9 3
9 5
9 6
9 7
9 9
9 12
9 13
9 14
9 15
9 16
9 17
9 18
9 20
9 24
9 25
9 26
9 29
9 34
9 37
9 51
9 83
10 0
10 1
10 2
10 3
10 4
10 5
10 6
10 7
10 8
10 9
10 10
10 13
10 14
10 15
10 18
10 22
10 23
10 24
10 25
10 26
10 27
10 28
10 29
10 31
10 32
10 33
10 35
10 37
10 38
10 39
10 40
10 41
10 42
10 48
10 51
10 53
10 54
10 58
10 59
10 60
10 61
10 64
10 66
10 67
10 71
10 77
10 79
10 81
10 82
10 83
11 0
11 1
11 2
11 3
11 4
11 5
11 6
11 7
11 8
11 9
11 10
11 11
11 12
11 13
11 14
11 15
11 16
11 18
11 19
11 20
11 22
11 23
11 24
11 25
11 26
11 27
11 29
11 30
11 31
11 32
11 34
11 35
11 39
11 40
11 42
11 43
11 50
11 51
11 53
11 54
11 55
11 59
11 61
11 65
11 75
11 83
12 1
12 2
12 3
12 4
12 6
12 7
12 8
12 9
12 10
12 14
12 22
12 23
12 27
12 28
12 29
12 35
12 37
12 39
12 40
12 43
12 44
12 48
12 50
12 51
12 52
12 56
12 59
12 61
12 65
12 68
12 79
12 81
12 83
12 86
12 87
13 0
13 1
13 2
13 3
13 4
13 6
13 7
13 8
13 9
13 10
13 14
13 23
13 25
13 29
13 35
13 43
13 44
13 47
13 48
13 50
13 59
13 61
13 63
13 65
13 83
13 87
14 0
14 1
14 2
14 3
14 4
14 5
14 6
14 7
14 8
14 9
14 10
14 11
14 13
14 14
14 15
14 16
14 17
14 18
14 19
14 20
14 22
14 24
14 25
14 28
14 29
14 42
14 43
14 45
14 47
14 49
14 51
14 59
14 63
15 0
15 1
15 2
15 3
15 4
15 5
15 6
15 7
15 8
15 9
15 11
15 12
15 13
15 14
15 15
15 16
15 17
15 18
15 20
15 21
15 23
15 24
15 25
15 26
15 28
15 30
15 31
15 36
15 37
15 39
15 40
15 42
15 43
15 45
15 46
15 48
15 51
15 54
15 57
15 59
15 62
15 83
16 0
16 1
16 2
16 3
16 4
16 5
16 6
16 7
16 8
16 9
16 10
16 12
16 13
16 14
16 15
16 20
16 23
16 24
16 25
16 29
16 31
16 36
16 37
16 42
16 43
16 44
16 48
16 50
16 54
16 59
16 61
16 65
16 68
16 79
16 83
16 87
17 0
17 1
17 2
17 3
17 4
17 5
17 6
17 7
17 8
17 9
17 12
17 13
17 14
17 15
17 16
17 20
17 21
17 22
17 24
17 25
17 28
17 29
17 35
17 37
17 43
17 45
17 47
17 51
17 52
17 54
17 59
17 63
17 77
18 1
18 3
18 4
18 7
18 8
18 9
18 10
18 23
18 25
18 29
18 35
18 43
18 44
18 45
18 50
18 65
18 68
18 81
18 83
18 87
19 1
19 3
19 4
19 8
19 10
19 23
19 25
19 28
19 35
19 43
19 47
19 48
19 64
19 83
20 0
20 1
20 2
20 3
20 4
20 6
20 7
20 8
20 9
20 10
20 12
20 13
20 14
20 18
20 23
20 24
20 25
20 27
20 28
20 29
20 35
20 37
20 40
20 42
20 43
20 44
20 48
20 50
20 51
20 55
20 56
20 59
20 63
20 65
20 72
20 74
20 75
20 79
20 83
20 86
21 0
21 1
21 3
21 4
21 6
21 7
21 8
21 9
21 10
21 14
21 22
21 23
21 25
21 27
21 28
21 29
21 31
21 32
21 33
21 35
21 37
21 38
21 40
21 43
21 45
21 47
21 48
21 50
21 51
21 53
21 55
21 56
21 59
21 61
21 64
21 65
21 68
21 74
21 79
21 81
21 82
21 83
21 84
21 87
22 0
22 1
22 2
22 3
22 4
22 5
22 6
22 7
22 8
22 9
22 10
22 11
22 13
22 14
22 15
22 18
22 20
22 22
22 23
22 25
22 28
22 29
22 31
22 32
22 33
22 34
22 35
22 37
22 43
22 44
22 47
22 48
22 50
22 51
22 55
22 59
22 60
22 61
22 62
22 66
22 73
22 75
22 77
22 79
22 80
22 83
23 0
23 1
23 2
23 3
23 4
23 5
23 6
23 7
23 8
23 9
23 10
23 11
23 12
23 13
23 14
23 15
23 16
23 17
23 18
23 22
23 23
23 24
23 25
23 26
23 27
23 28
23 29
23 31
23 33
23 34
23 35
23 39
23 42
23 43
23 45
23 47
23 50
23 51
23 55
23 58
23 59
23 61
23 64
23 66
23 74
23 79
23 80
23 83
24 1
24 2
24 3
24 4
24 5
24 6
24 7
24 9
24 12
24 13
24 14
24 15
24 16
24 17
24 18
24 20
24 21
24 25
24 31
25 0
25 1
25 2
25 3
25 4
25 6
25 8
25 9
25 11
25 13
25 14
25 15
25 18
25 20
25 25
25 28
25 29
25 30
25 34
25 51
25 61
25 71
25 76
25 78
25 83
25 86
26 0
26 1
26 2
26 3
26 4
26 5
26 6
26 7
26 8
26 9
26 12
26 13
26 14
26 16
26 18
26 20
26 21
26 24
26 25
26 26
26 31
26 34
26 36
26 42
26 51
26 57
26 62
27 0
27 1
27 2
27 3
27 4
27 6
27 7
27 9
27 11
27 13
27 14
27 15
27 18
27 20
27 25
27 28
27 30
27 36
27 51
27 85
28 0
28 1
28 2
28 3
28 4
28 5
28 6
28 7
28 8
28 9
28 10
28 13
28 14
28 15
28 17
28 18
28 19
28 20
28 22
28 23
28 24
28 25
28 26
28 27
28 29
28 31
28 35
28 37
28 38
28 40
28 42
28 43
28 44
28 47
28 48
28 50
28 52
28 53
28 54
28 59
28 66
28 68
28 73
28 79
28 83
29 1
29 3
29 4
29 7
29 8
29 10
29 13
29 20
29 22
29 23
29 32
29 43
29 48
29 83
29 87
30 1
30 2
30 3
30 4
30 6
30 8
30 9
30 12
30 13
30 14
30 15
30 18
30 20
30 21
30 25
30 29
30 83
31 1
31 2
31 3
31 4
31 6
31 7
31 8
31 9
31 10
31 13
31 22
31 23
31 25
31 27
31 29
31 32
31 35
31 37
31 38
31 40
31 43
31 45
31 48
31 50
31 60
31 64
31 68
31 72
31 79
31 83
31 87
32 0
32 1
32 2
32 3
32 4
32 6
32 7
32 8
32 9
32 11
32 13
32 14
32 15
32 18
32 20
32 21
32 24
32 25
32 26
32 29
32 30
32 42
32 51
32 55
32 61
32 63
32 85
33 1
33 3
33 4
33 6
33 8
33 10
33 14
33 15
33 23
33 29
33 33
33 37
33 43
33 48
33 56
33 59
33 72
33 83
34 0
34 1
34 2
34 3
34 4
34 6
34 7
34 8
34 9
34 10
34 11
34 13
34 14
34 15
34 22
34 23
34 29
34 32
34 35
34 43
34 44
34 45
34 47
34 50
34 51
34 79
34 87
35 0
35 1
35 2
35 3
35 4
35 5
35 6
35 7
35 8
35 9
35 11
35 12
35 13
35 14
35 15
35 16
35 17
35 18
35 20
35 21
35 24
35 25
35 31
35 39
35 41
35 42
35 43
35 54
35 57
35 59
35 62
36 0
36 1
36 2
36 3
36 4
36 5
36 6
36 8
36 9
36 12
36 13
36 14
36 15
36 16
36 17
36 18
36 20
36 23
36 25
36 28
36 31
36 54
36 55
36 62
36 83
37 0
37 1
37 2
37 3
37 4
37 5
37 6
37 7
37 8
37 9
37 10
37 13
37 14
37 15
37 16
37 17
37 20
37 22
37 23
37 24
37 25
37 26
37 27
37 28
37 29
37 31
37 32
37 33
37 34
37 35
37 37
37 38
37 39
37 40
37 43
37 44
37 48
37 50
37 51
37 54
37 56
37 59
37 61
37 65
37 68
37 79
37 83
37 87
38 0
38 1
38 2
38 3
38 4
38 5
38 6
38 8
38 9
38 11
38 12
38 23
38 31
38 34
38 42
38 43
38 44
38 51
38 83
38 87
39 0
39 1
39 2
39 3
39 4
39 5
39 6
39 7
39 8
39 9
39 11
39 12
39 13
39 14
39 15
39 16
39 17
39 18
39 19
39 20
39 21
39 24
39 25
39 26
39 30
39 31
39 36
39 37
39 39
39 41
39 42
39 43
39 45
39 46
39 55
39 57
39 62
39 79
39 83
39 86
40 0
40 1
40 3
40 4
40 7
40 8
40 9
40 10
40 13
40 22
40 23
40 29
40 35
40 43
40 47
40 50
40 65
40 79
40 83
41 0
41 1
41 2
41 3
41 4
41 5
41 6
41 7
41 8
41 9
41 10
41 11
41 13
41 16
41 18
41 20
41 22
41 23
41 24
41 25
41 28
41 29
41 32
41 35
41 38
41 40
41 42
41 47
41 59
41 64
41 73
41 74
41 75
41 79
41 83
42 0
42 1
42 2
42 3
42 4
42 6
42 7
42 8
42 9
42 10
42 14
42 15
42 20
42 23
42 25
42 26
42 29
42 34
42 42
42 43
42 48
42 51
42 83
43 0
43 1
43 2
43 3
43 4
43 5
43 6
43 7
43 8
43 9
43 10
43 11
43 12
43 13
43 14
43 16
43 17
43 18
43 20
43 22
43 23
43 24
43 25
43 26
43 27
43 29
43 32
43 35
43 37
43 39
43 40
43 42
43 43
43 44
43 48
43 51
43 54
43 59
43 61
43 62
43 63
43 65
43 67
43 68
43 79
43 83
43 87
44 0
44 1
44 2
44 3
44 4
44 5
44 6
44 7
44 8
44 9
44 12
44 13
44 14
44 15
44 16
44 17
44 18
44 19
44 20
44 21
44 24
44 25
44 26
44 27
44 29
44 31
44 42
44 43
44 62
45 0
45 1
45 2
45 3
45 4
45 6
45 7
45 8
45 9
45 13
45 14
45 15
45 16
45 17
45 18
45 20
45 21
45 23
45 25
45 29
45 36
45 43
45 51
45 54
45 83
46 0
46 1
46 2
46 3
46 4
46 5
46 7
46 8
46 9
46 10
46 13
46 14
46 20
46 22
46 25
46 26
46 27
46 29
46 32
46 34
46 37
46 38
46 40
46 43
46 47
46 48
46 51
46 54
46 60
46 65
46 79
46 81
47 0
47 1
47 3
47 4
47 5
47 6
47 8
47 9
47 15
47 16
47 18
47 23
47 25
47 29
47 43
48 1
48 2
48 3
48 4
48 6
48 7
48 8
48 9
48 13
48 14
48 22
48 23
48 25
48 27
48 28
48 29
48 33
48 38
48 40
48 43
48 48
48 60
48 64
48 68
48 74
48 83
48 87
49 0
49 1
49 2
49 6
49 9
49 12
49 13
49 14
49 15
49 18
49 20
49 21
49 34
50 0
50 1
50 2
50 3
50 4
50 5
50 6
50 7
50 8
50 9
50 10
50 11
50 12
50 13
50 14
50 15
50 16
50 18
50 20
50 21
50 23
50 24
50 25
50 26
50 27
50 28
50 29
50 31
50 33
50 35
50 36
50 41
50 42
50 43
50 44
50 45
50 48
50 50
50 51
50 54
50 55
50 57
50 59
50 61
50 62
50 65
50 68
50 83
50 87
51 0
51 1
51 2
51 3
51 4
51 5
51 6
51 7
51 8
51 9
51 12
51 13
51 14
51 15
51 16
51 17
51 18
51 20
51 21
51 25
51 31
51 36
51 43
51 48
52 0
52 1
52 2
52 3
52 4
52 5
52 6
52 7
52 8
52 9
52 11
52 12
52 13
52 14
52 15
52 16
52 18
52 20
52 22
52 24
52 25
52 26
52 28
52 29
52 30
52 34
52 35
52 42
52 44
52 45
52 48
52 51
52 55
52 62
52 69
52 87
53 0
53 1
53 2
53 3
53 4
53 6
53 7
53 9
53 11
53 13
53 14
53 20
53 23
53 24
53 25
53 26
53 28
53 59
53 85
54 0
54 1
54 2
54 3
54 4
54 6
54 9
54 11
54 13
54 14
54 15
54 16
54 17
54 18
54 20
54 24
54 25
54 26
54 28
54 30
54 34
54 51
54 59
55 0
55 1
55 2
55 3
55 4
55 5
55 6
55 7
55 8
55 9
55 10
55 11
55 13
55 14
55 15
55 16
55 17
55 18
55 20
55 22
55 23
55 25
55 28
55 29
55 30
55 31
55 32
55 35
55 36
55 39
55 40
55 43
55 48
55 50
55 51
55 54
55 56
55 59
55 60
55 64
55 67
55 68
55 73
55 74
55 83
55 87
56 0
56 1
56 2
56 3
56 4
56 6
56 7
56 9
56 11
56 13
56 14
56 15
56 16
56 18
56 20
56 25
56 28
56 51
56 83
57 0
57 1
57 6
57 7
57 9
57 13
57 14
57 15
57 20
57 21
57 25
58 1
58 2
58 3
58 4
58 9
58 14
58 18
59 1
59 5
59 6
59 9
59 13
59 14
59 18
60 1
60 2
60 3
60 4
60 6
60 8
60 9
60 10
60 11
60 13
60 14
60 18
60 20
60 24
60 25
60 26
60 29
60 30
60 34
60 51
60 54
60 59
60 61
60 63
60 69
60 79
60 83
60 85
61 0
61 1
61 2
61 3
61 4
61 5
61 6
61 8
61 9
61 10
61 11
61 12
61 13
61 14
61 18
61 19
61 20
61 21
61 22
61 23
61 24
61 25
61 26
61 27
61 29
61 34
61 35
61 39
61 42
61 43
61 48
61 55
61 59
61 61
61 63
61 79
61 83
62 0
62 1
62 2
62 3
62 4
62 5
62 6
62 7
62 9
62 12
62 13
62 14
62 16
62 18
62 20
62 21
62 24
62 25
62 26
62 31
62 34
62 35
62 42
62 43
62 48
62 51
62 55
62 59
62 63
62 83
63 0
63 1
63 2
63 3
63 4
63 5
63 6
63 7
63 8
63 9
63 11
63 12
63 13
63 14
63 15
63 16
63 17
63 18
63 20
63 21
63 25
63 36
63 43
64 0
64 1
64 4
64 6
64 9
64 12
64 13
64 14
64 15
64 16
64 17
64 24
64 25
64 26
65 1
65 2
65 3
65 4
65 5
65 6
65 8
65 9
65 10
65 16
65 23
65 25
65 27
65 28
65 29
65 31
65 32
65 37
65 43
65 44
65 48
65 54
65 65
65 68
65 79
65 83
65 86
66 0
66 1
66 2
66 3
66 4
66 5
66 6
66 8
66 9
66 13
66 14
66 18
66 23
66 24
66 25
66 26
66 37
66 43
66 48
66 54
66 61
66 63
66 83
67 1
67 9
67 13
67 14
67 18
67 20
67 25
68 0
68 1
68 2
68 3
68 4
68 5
68 6
68 7
68 8
68 9
68 12
68 13
68 14
68 16
68 17
68 18
68 20
68 24
68 25
68 31
68 35
68 39
68 42
68 43
68 48
68 50
68 54
68 62
68 83
69 0
69 1
69 2
69 3
69 4
69 6
69 7
69 9
69 12
69 13
69 14
69 15
69 16
69 17
69 18
69 20
69 21
69 24
69 25
69 26
69 31
69 42
69 45
69 57
70 0
70 1
70 2
70 3
70 4
70 6
70 8
70 9
70 11
70 13
70 14
70 15
70 16
70 18
70 20
70 21
70 25
70 36
71 0
71 1
71 3
71 4
71 5
71 6
71 9
71 12
71 13
71 14
71 15
71 16
71 18
71 20
71 21
71 26
71 43
71 51
72 0
72 1
72 6
72 9
72 14
72 19
72 20
72 24
72 25
72 26
72 42
73 0
73 1
73 2
73 3
73 4
73 6
73 8
73 9
73 11
73 13
73 14
73 16
73 18
73 20
73 22
73 23
73 24
73 25
73 26
73 27
73 29
73 31
73 34
73 37
73 40
73 43
73 48
73 51
73 54
74 0
74 1
74 3
74 4
74 5
74 6
74 7
74 8
74 9
74 10
74 22
74 23
74 24
74 25
74 27
74 28
74 29
74 32
74 33
74 37
74 38
74 43
74 48
74 50
74 51
74 53
74 60
74 64
74 66
74 67
74 79
74 87
75 0
75 1
75 3
75 4
75 5
75 6
75 7
75 8
75 9
75 10
75 14
75 22
75 23
75 25
75 27
75 28
75 29
75 32
75 33
75 34
75 38
75 40
75 43
75 45
75 47
75 48
75 51
75 53
75 60
75 64
75 66
75 67
75 68
75 79
75 84
76 0
76 1
76 2
76 3
76 4
76 6
76 7
76 8
76 9
76 14
76 15
76 22
76 24
76 25
76 28
76 29
76 32
76 35
76 47
76 50
76 51
76 55
77 1
77 3
77 4
77 7
77 8
77 9
77 10
77 23
77 25
77 29
77 33
77 43
77 44
77 45
77 48
77 50
77 63
77 68
77 83
77 87
78 1
78 2
78 3
78 4
78 7
78 9
78 11
78 13
78 14
78 15
78 16
78 17
78 18
78 20
78 25
78 30
78 31
78 43
79 0
79 1
79 2
79 3
79 4
79 5
79 6
79 7
79 8
79 9
79 12
79 13
79 14
79 15
79 16
79 17
79 18
79 20
79 21
79 23
79 25
79 36
79 43
79 54
79 59
80 0
80 1
80 2
80 3
80 4
80 5
80 6
80 7
80 8
80 9
80 11
80 12
80 13
80 14
80 15
80 16
80 17
80 18
80 20
80 21
80 23
80 25
80 30
80 31
80 42
80 46
80 83
81 0
81 1
81 3
81 4
81 6
81 8
81 9
81 10
81 13
81 22
81 23
81 24
81 25
81 27
81 29
81 32
81 33
81 38
81 43
81 50
81 66
81 77
81 80
82 0
82 1
82 3
82 4
82 6
82 7
82 8
82 10
82 22
82 23
82 25
82 27
82 29
82 43
82 44
82 64
82 79
83 0
83 3
83 4
83 6
83 7
83 8
83 9
83 10
83 14
83 15
83 22
83 23
83 25
83 27
83 29
83 32
83 33
83 35
83 38
83 43
83 47
83 48
83 79
83 87
84 0
84 1
84 4
84 6
84 7
84 8
84 22
84 23
84 25
84 29
84 32
84 33
84 38
84 43
84 47
84 48
84 87
85 0
85 1
85 2
85 3
85 4
85 5
85 6
85 7
85 8
85 9
85 10
85 11
85 13
85 14
85 18
85 20
85 23
85 24
85 25
85 26
85 27
85 29
85 30
85 34
85 36
85 37
85 43
85 44
85 45
85 48
85 50
85 51
85 54
85 55
85 56
85 59
85 61
85 65
85 68
85 87
86 1
86 3
86 4
86 7
86 8
86 9
86 22
86 23
86 28
86 29
86 43
86 44
86 47
86 48
86 50
86 63
86 65
86 72
86 79
86 83
86 87
87 3
87 4
87 8
87 22
87 25
87 26
87 38
87 43
87 48
87 50
87 68
88 0
88 3
88 4
88 6
88 7
88 8
88 10
88 25
88 28
88 83
89 0
89 1
89 3
89 4
89 6
89 7
89 8
89 9
89 10
89 13
89 20
89 22
89 23
89 25
89 26
89 28
89 29
89 32
89 36
89 37
89 43
89 47
89 58
89 63
89 65
89 67
89 71
90 0
90 1
90 3
90 4
90 7
90 9
90 10
90 22
90 23
90 27
90 28
90 29
90 49
90 79
90 83
91 0
91 1
91 3
91 4
91 6
91 7
91 8
91 10
91 22
91 23
91 25
91 27
91 29
91 37
91 42
91 43
91 44
91 48
91 56
92 0
92 1
92 2
92 3
92 4
92 6
92 9
92 12
92 13
92 14
92 15
92 16
92 17
92 18
92 20
92 21
92 24
92 25
92 26
92 31
92 37
92 42
92 45
92 55
92 57
92 62
92 83
93 0
93 1
93 2
93 3
93 4
93 6
93 7
93 9
93 12
93 13
93 14
93 15
93 16
93 17
93 18
93 20
93 21
93 24
93 25
93 26
93 29
93 31
93 35
93 39
93 42
93 45
93 47
93 50
93 54
93 55
93 57
93 59
93 61
93 62
93 83
94 0
94 1
94 2
94 3
94 4
94 5
94 6
94 7
94 9
94 12
94 13
94 14
94 15
94 16
94 17
94 18
94 20
94 21
94 23
94 24
94 25
94 31
94 35
94 37
94 39
94 42
94 43
94 45
94 47
94 48
94 54
94 57
94 59
94 61
94 62
94 63
94 68
94 79
94 83
94 86
95 0
95 9
95 13
96 0
96 1
96 2
96 3
96 4
96 6
96 7
96 8
96 9
96 10
96 11
96 13
96 15
96 22
96 23
96 25
96 26
96 27
96 29
96 35
96 37
96 40
96 43
96 47
96 48
96 50
96 59
96 72
96 73
96 79
96 83
96 87
97 0
97 1
97 3
97 4
97 5
97 6
97 7
97 8
97 14
97 25
97 26
97 31
97 35
97 39
97 42
97 43
97 45
97 48
97 54
97 59
97 61
97 63
97 75
97 83
97 86
98 1
98 4
98 5
98 23
98 31
98 48
98 54
99 0
99 1
99 2
99 3
99 4
99 16
99 20
99 23
99 25
99 54
100 3
100 4
100 5
100 8
100 9
100 25
100 43
100 48
100 63
100 68
101 1
101 2
101 3
101 6
101 7
101 9
101 13
101 14
101 15
101 18
101 22
101 25
101 28
101 29
101 51
101 59
101 60
101 66
101 76
101 79
102 1
102 3
102 4
102 6
102 7
102 8
102 9
102 10
102 14
102 20
102 23
102 28
102 29
102 31
102 37
102 39
102 43
102 44
102 45
102 47
102 48
102 50
102 59
102 65
102 75
102 79
102 83
102 87
103 0
103 1
103 2
103 3
103 4
103 5
103 6
103 7
103 8
103 9
103 10
103 14
103 23
103 24
103 25
103 28
103 29
103 36
103 37
103 42
103 43
103 44
103 45
103 47
103 48
103 50
103 51
103 52
103 56
103 59
103 61
103 63
103 65
103 68
103 79
103 83
103 87
104 0
104 1
104 2
104 3
104 4
104 5
104 6
104 7
104 8
104 10
104 13
104 14
104 22
104 23
104 25
104 28
104 29
104 37
104 43
104 48
104 50
104 63
104 65
104 87
105 1
105 3
105 4
105 5
105 6
105 8
105 10
105 14
105 20
105 23
105 25
105 28
105 43
105 44
105 48
105 54
105 65
105 87
106 1
106 2
106 3
106 4
106 6
106 8
106 10
106 22
106 23
106 25
106 29
106 37
106 43
106 44
106 48
106 59
106 65
106 68
106 79
107 1
107 2
107 3
107 4
107 5
107 6
107 7
107 8
107 10
107 12
107 13
107 14
107 20
107 21
107 23
107 25
107 29
107 31
107 35
107 37
107 40
107 43
107 44
107 45
107 48
107 50
107 54
107 55
107 56
107 59
107 65
107 70
107 72
107 87
108 1
108 3
108 4
108 8
108 10
108 22
108 23
108 27
108 28
108 29
108 32
108 35
108 37
108 43
108 48
108 50
108 51
108 55
108 83
109 1
109 3
109 4
109 5
109 8
109 10
109 13
109 14
109 20
109 23
109 43
109 48
109 54
109 62
110 0
110 1
110 3
110 4
110 6
110 7
110 8
110 24
110 25
110 28
110 35
110 39
110 42
110 43
110 54
110 83
111 0
111 1
111 4
111 6
111 7
111 8
111 25
111 27
111 32
111 35
111 43
111 47
111 54
112 0
112 3
112 6
112 7
112 8
112 22
112 25
112 28
112 39
112 42
112 43
112 54
112 83
113 0
113 1
113 2
113 3
113 4
113 6
113 8
113 9
113 11
113 13
113 14
113 18
113 20
113 24
113 25
113 26
113 28
113 30
113 35
113 36
113 41
113 42
113 45
113 48
113 55
113 78
113 85
114 0
114 3
114 4
114 6
114 7
114 8
114 23
114 25
114 29
114 32
114 37
114 39
114 42
114 43
114 47
114 48
114 54
114 61
114 83
115 0
115 1
115 2
115 3
115 4
115 5
115 6
115 8
115 9
115 11
115 22
115 24
115 25
115 26
115 29
115 34
115 37
115 42
115 43
115 45
115 47
115 51
115 54
115 63
115 65
115 78
115 83
116 0
116 1
116 3
116 4
116 6
116 7
116 8
116 9
116 20
116 22
116 25
116 28
116 33
116 37
116 43
116 45
116 47
117 1
117 3
117 4
117 8
117 9
117 10
117 23
117 29
117 35
117 37
117 43
117 50
117 51
117 63
117 83
118 0
118 1
118 3
118 6
118 7
118 9
118 20
118 25
119 7
119 9
119 25
120 0
120 1
120 2
120 3
120 4
120 6
120 7
120 9
120 23
120 25
120 28
120 37
120 47
120 50
120 63
121 0
121 1
121 2
121 3
121 4
121 6
121 7
121 8
121 9
121 10
121 22
121 23
121 25
121 28
121 29
121 32
121 33
121 38
121 43
121 47
121 48
121 49
121 51
121 54
121 56
121 59
121 61
121 64
121 66
121 80
122 1
122 3
122 6
122 7
122 8
122 9
122 22
122 23
122 25
122 28
122 35
122 43
122 47
122 48
122 59
122 61
122 83
123 3
123 4
123 6
123 7
123 9
123 18
123 22
123 25
123 28
123 29
124 1
124 3
124 6
124 7
124 8
124 9
124 13
124 18
124 25
124 54
125 1
125 8
125 9
125 10
125 22
125 24
125 25
125 28
125 29
125 40
125 45
125 48
125 59
126 0
126 1
126 2
126 3
126 4
126 5
126 6
126 9
126 11
126 20
126 24
126 25
126 26
126 34
126 43
126 44
126 51
126 54
126 63
127 0
127 1
127 2
127 3
127 6
127 9
127 11
127 13
127 14
127 20
127 24
127 25
127 26
127 28
127 30
127 45
127 46
127 85
128 0
128 1
128 3
128 4
128 5
128 6
128 8
128 9
128 11
128 14
128 21
128 24
128 25
128 26
128 34
128 35
128 40
128 42
128 43
128 48
128 51
128 54
128 83
129 4
129 5
129 6
129 8
129 31
129 48
129 72
129 79
129 83
130 1
130 6
130 7
130 9
130 25
130 86
131 1
131 2
131 3
131 6
131 7
131 8
131 9
131 25
131 48
132 0
132 1
132 2
132 3
132 5
132 6
132 9
132 11
132 20
132 24
132 25
132 26
132 29
132 43
132 48
132 63
132 79
132 83
133 1
133 2
133 4
133 25
133 51
133 54
134 9
134 11
134 13
134 14
134 85
135 0
135 2
135 3
135 4
135 11
135 18
135 20
135 25
135 31
135 51
135 54
136 0
136 1
136 2
136 4
136 5
136 9
136 11
136 13
136 14
136 16
136 21
136 24
136 25
136 26
136 29
136 31
136 34
136 48
136 51
136 54
136 56
137 0
137 1
137 3
137 4
137 5
137 6
137 16
137 17
137 18
137 20
137 23
137 25
137 43
138 0
138 1
138 2
138 3
138 4
138 5
138 6
138 9
138 13
138 14
138 15
138 16
138 17
138 18
138 20
138 21
138 25
138 26
138 31
138 35
138 48
138 59
138 83
139 0
139 1
139 2
139 3
139 4
139 5
139 6
139 9
139 12
139 13
139 14
139 15
139 16
139 17
139 18
139 20
139 21
139 23
139 25
139 26
139 35
139 42
139 43
139 45
139 48
139 54
139 57
139 59
139 62
139 63
139 83
140 0
140 1
140 2
140 3
140 4
140 5
140 6
140 7
140 8
140 9
140 11
140 12
140 13
140 14
140 15
140 16
140 18
140 20
140 21
140 23
140 25
140 29
140 36
140 37
140 43
140 48
140 54
140 59
140 62
140 65
140 83
140 87
141 1
141 2
141 3
141 4
141 6
141 13
141 14
141 26
141 28
141 34
142 0
142 1
142 2
142 3
142 4
142 6
142 9
142 24
142 25
142 26
142 34
142 48
143 0
143 1
143 2
143 3
143 6
143 7
143 9
143 11
143 13
143 14
143 15
143 18
143 20
143 24
143 25
143 26
143 29
143 34
143 59
144 0
144 1
144 2
144 4
144 14
144 20
144 24
144 25
144 26
144 34
144 43
144 68
145 1
145 5
145 31
145 54
146 1
146 2
146 3
146 4
146 5
146 6
146 8
146 14
146 15
146 18
146 25
146 28
146 31
146 43
146 48
146 54
146 57
146 62
146 63
147 0
147 1
147 4
147 5
147 6
147 7
147 14
147 25
147 35
147 43
147 48
147 54
147 83
148 0
148 1
148 2
148 4
148 8
148 11
148 14
148 25
149 0
149 1
149 2
149 4
149 8
149 9
149 11
149 24
149 25
149 26
149 29
149 34
149 43
149 56
150 0
150 3
150 4
150 11
150 24
150 25
150 34
151 0
151 1
151 3
151 4
151 5
151 6
151 25
151 26
151 43
151 48
151 63
151 87
152 1
152 2
152 3
152 4
152 5
152 6
152 8
152 13
152 14
152 15
152 20
152 25
152 28
152 43
152 44
152 48
152 54
152 55
152 57
152 62
152 87
153 0
153 1
153 3
153 4
153 5
153 6
153 8
153 15
153 18
153 22
153 23
153 25
153 28
153 31
153 43
153 48
153 54
153 59
153 79
153 83
153 86
154 3
154 4
154 7
154 25
155 0
155 1
155 2
155 3
155 4
155 5
155 6
155 7
155 8
155 9
155 10
155 11
155 13
155 14
155 15
155 16
155 18
155 20
155 22
155 24
155 25
155 28
155 29
155 32
155 34
155 35
155 36
155 39
155 42
155 43
155 45
155 51
155 54
155 57
155 58
155 59
155 60
155 61
155 65
155 73
155 79
155 83
156 0
156 1
156 2
156 3
156 4
156 5
156 6
156 7
156 9
156 13
156 14
156 15
156 16
156 17
156 18
156 20
156 21
156 22
156 24
156 25
156 28
156 29
156 31
156 36
156 42
156 43
156 45
156 47
156 50
156 51
156 54
156 57
156 73
157 0
157 1
157 2
157 3
157 5
157 6
157 9
157 12
157 13
157 14
157 15
157 16
157 17
157 18
157 21
157 25
157 26
157 31
157 36
157 42
157 45
157 54
157 55
157 59
157 62
158 0
158 10
158 23
158 25
158 27
158 37
158 43
158 55
158 77
158 79
158 80
159 0
159 23
159 25
159 43
159 66
160 1
160 3
160 4
160 6
160 7
160 8
160 20
160 25
160 37
160 43
160 44
160 48
160 52
160 54
160 55
160 59
160 87
161 3
161 8
161 25
161 61
162 6
162 22
162 25
162 27
162 29
162 33
162 43
162 48
162 64
162 66
162 79
163 7
163 25
164 0
164 1
164 3
164 4
164 6
164 7
164 8
164 14
164 23
164 25
164 43
164 47
164 48
164 52
164 54
164 79
164 87
165 1
165 3
165 4
165 6
165 8
165 23
165 29
165 43
165 48
165 72
166 1
166 3
166 4
166 8
166 29
166 43
166 48
166 50
167 0
167 1
167 3
167 4
167 6
167 7
167 8
167 9
167 10
167 11
167 13
167 14
167 20
167 23
167 25
167 27
167 28
167 35
167 39
167 43
167 44
167 54
167 55
167 59
167 79
167 83
168 1
168 3
168 4
168 7
168 8
168 23
168 25
168 40
168 54
169 3
169 4
169 7
169 8
169 22
169 23
169 25
169 37
169 44
169 56
170 1
170 3
170 4
170 5
170 6
170 8
170 9
170 21
170 25
170 37
170 43
170 48
170 50
170 54
170 65
170 68
170 79
171 4
171 6
171 8
171 31
171 43
171 44
171 48
172 3
172 4
172 6
172 8
172 9
172 23
172 25
172 31
172 35
172 37
172 43
172 48
172 50
172 54
172 68
172 83
173 1
173 4
173 6
173 8
173 25
173 26
173 42
173 43
173 44
173 48
173 54
173 83
173 87
174 0
174 1
174 2
174 4
174 5
174 6
174 9
174 13
174 25
174 34
174 36
174 42
174 45
174 50
175 1
175 3
175 4
175 6
175 7
175 8
175 40
175 43
175 50
175 65
175 83
175 87
176 1
176 3
176 7
176 8
176 9
176 10
176 14
176 15
176 23
176 25
176 29
176 35
176 37
176 43
176 47
176 65
176 87
177 0
177 1
177 2
177 3
177 4
177 6
177 8
177 9
177 11
177 13
177 24
177 25
177 26
177 34
177 43
177 44
177 48
177 51
177 54
177 63
177 65
177 87
178 0
178 1
178 2
178 4
178 5
178 6
178 8
178 11
178 13
178 14
178 18
178 20
178 23
178 24
178 25
178 26
178 28
178 31
178 34
178 37
178 39
178 43
178 48
178 50
178 51
178 54
178 55
178 59
178 61
178 62
178 65
178 68
178 83
178 87
179 0
179 1
179 3
179 8
179 9
180 0
180 1
180 2
180 9
180 15
180 25
181 0
181 1
181 2
181 9
181 14
181 20
181 30
181 36
182 0
182 1
182 2
182 3
182 4
182 5
182 6
182 8
182 13
182 20
182 23
182 24
182 25
182 26
182 31
182 34
182 36
182 43
182 48
182 50
182 51
182 54
182 59
182 61
182 62
182 65
183 0
183 1
183 2
183 3
183 6
183 9
183 11
183 13
183 14
183 15
183 20
183 24
183 25
183 26
183 30
183 70
183 85
184 1
184 2
184 3
184 6
184 9
184 10
184 13
184 14
184 20
184 22
184 28
185 1
185 2
185 3
185 5
185 6
185 9
185 13
185 14
185 15
185 16
185 36
185 57
185 83
186 0
186 1
186 2
186 4
186 5
186 6
186 9
186 13
186 24
186 25
186 26
186 30
186 34
186 37
186 43
186 48
186 51
186 59
186 63
186 85
187 0
187 1
187 2
187 4
187 5
187 6
187 9
187 13
187 25
187 26
187 34
187 37
187 43
187 45
187 48
187 51
187 54
187 59
187 85
188 1
188 2
188 6
188 25
189 3
189 25
189 33
190 0
190 1
190 2
190 3
190 4
190 5
190 6
190 12
190 24
190 25
190 26
190 31
190 35
190 42
190 48
190 51
190 54
190 83
191 0
191 1
191 2
191 5
191 6
191 9
191 12
191 16
191 18
191 20
191 25
191 26
191 34
191 36
191 42
191 54
191 62
192 1
192 4
192 8
192 9
192 23
192 25
192 27
192 29
192 37
192 40
192 43
192 45
192 47
192 48
192 63
192 65
192 68
192 72
192 87
193 0
193 1
193 2
193 3
193 4
193 5
193 6
193 8
193 13
193 14
193 23
193 24
193 25
193 26
193 31
193 34
193 36
193 43
193 44
193 48
193 51
193 54
193 59
193 65
193 68
193 87
194 0
194 1
194 2
194 3
194 4
194 6
194 7
194 8
194 9
194 10
194 18
194 19
194 22
194 23
194 25
194 27
194 28
194 29
194 32
194 33
194 34
194 35
194 37
194 38
194 40
194 43
194 44
194 45
194 47
194 48
194 49
194 50
194 51
194 53
194 54
194 55
194 56
194 59
194 60
194 61
194 64
194 65
194 66
194 67
194 73
194 74
194 79
194 80
194 83
194 84
194 87
195 0
195 1
195 2
195 3
195 4
195 7
195 8
195 9
195 10
195 22
195 23
195 25
195 29
195 35
195 38
195 40
195 43
195 48
195 49
195 50
195 51
195 53
195 54
195 55
195 59
195 60
195 61
195 64
195 65
195 66
195 67
195 73
195 74
195 82
195 84
195 86
195 87
196 0
196 1
196 3
196 4
196 6
196 7
196 8
196 13
196 23
196 25
196 35
196 37
196 43
196 48
196 54
196 56
196 59
196 79
196 83
197 1
197 4
197 7
197 8
197 9
197 10
197 23
197 25
197 29
197 40
197 43
197 48
197 59
197 68
197 79
198 1
198 8
198 9
198 28
198 29
198 37
198 50
198 54
199 28
199 29
199 37
199 63
199 87
200 8
200 25
200 29
200 38
200 43
200 79
201 3
201 25
201 37
202 4
202 29
202 38
203 4
203 35
204 1
204 2
204 4
204 23
204 25
204 43
204 51
204 59
204 63
205 2
205 3
205 6
205 7
205 25
205 35
205 42
206 0
206 1
206 3
206 4
206 6
206 7
206 8
206 9
206 13
206 22
206 23
206 24
206 25
206 28
206 34
206 35
206 40
206 43
206 49
206 50
206 51
206 54
206 55
206 59
206 63
206 75
206 87
207 3
207 6
207 7
207 25
207 50
208 1
208 3
208 4
208 8
208 10
208 22
208 25
208 29
208 37
208 40
208 43
208 64
208 66
208 83
209 1
209 8
209 9
209 25
209 27
209 37
209 40
209 42
209 43
209 44
209 48
209 52
209 65
209 79
210 6
210 7
211 0
211 4
211 9
211 14
211 25
211 34
212 0
212 3
212 4
212 6
212 7
212 8
212 10
212 23
212 27
212 35
212 39
212 43
212 48
212 50
212 59
212 68
212 79
212 83
213 1
213 3
213 4
213 6
213 7
213 8
213 9
213 23
213 43
213 54
214 1
214 3
214 4
214 25
214 27
214 35
214 37
214 43
214 48
214 50
214 55
214 59
214 83
215 1
215 4
215 6
215 8
215 29
215 59
216 1
216 2
216 3
216 4
216 6
216 7
216 8
216 9
216 14
216 15
216 16
216 20
216 25
216 29
216 34
216 49
216 79
216 83
217 0
217 2
217 6
217 7
217 25
217 54
218 1
218 3
218 4
218 8
218 9
218 23
218 25
218 27
218 29
218 38
218 43
218 52
218 59
218 64
218 67
218 80
218 87
219 25
219 29
219 67
220 1
220 3
220 4
220 6
220 8
220 9
220 22
220 25
220 29
220 32
220 37
220 43
220 48
220 49
220 50
220 51
220 53
220 54
220 59
220 60
220 61
220 64
220 67
220 74
220 79
220 81
221 1
221 3
221 4
221 8
221 9
221 22
221 23
221 25
221 29
221 32
221 37
221 43
221 44
221 48
221 50
221 51
221 53
221 59
221 60
221 64
221 67
221 79
221 83
221 87
222 3
222 5
222 6
222 9
222 20
222 25
222 83
223 1
223 3
223 8
223 10
223 29
223 41
223 43
223 59
223 87
224 8
224 29
224 80
225 3
225 8
225 22
225 29
225 33
225 35
225 38
225 80
226 8
226 25
226 29
226 33
226 38
226 80
227 1
227 3
227 4
227 8
227 9
227 18
227 23
227 25
227 29
227 43
227 44
227 45
227 48
227 54
227 59
227 61
227 87
228 23
228 44
229 0
229 1
229 2
229 4
229 5
229 6
229 17
229 25
229 35
230 0
230 1
230 2
230 3
230 4
230 6
230 8
230 10
230 11
230 14
230 16
230 23
230 25
230 27
230 29
230 39
230 40
230 42
230 43
230 44
230 47
230 48
230 50
230 52
230 54
230 59
230 67
230 72
230 75
230 79
230 83
231 1
231 3
231 6
231 25
231 43
231 49
231 51
231 79
232 0
232 1
232 3
232 4
232 6
232 7
232 8
232 25
232 35
232 37
232 39
232 43
232 48
232 49
232 63
232 79
232 83
233 1
233 5
233 9
233 48
234 1
234 3
234 4
234 6
234 8
234 10
234 43
235 1
235 5
235 6
235 9
235 12
235 13
235 18
235 25
235 42
235 57
235 83
236 4
236 7
236 8
236 9
236 14
236 25
236 29
236 43
236 48
236 52
236 83
237 6
237 9
237 11
238 4
238 7
238 8
238 43
238 56
239 0
240 1
240 9
241 1
241 6
241 8
241 43
242 1
242 16
243 4
243 5
243 37
244 3
244 8
244 22
244 25
244 29
244 32
244 33
244 51
244 59
244 60
244 64
245 1
245 3
245 7
245 8
245 9
245 10
245 22
245 25
245 29
245 33
245 38
245 50
245 59
245 60
245 64
246 0
246 1
246 3
246 6
246 7
246 8
246 9
246 23
246 25
246 29
246 34
246 37
246 42
246 43
246 44
246 47
246 48
246 49
246 50
246 51
246 54
246 65
247 1
247 8
247 10
247 25
247 48
247 51
247 61
247 63
248 8
248 23
248 43
248 44
248 48
248 50
248 51
248 61
249 4
249 7
249 8
249 14
249 43
250 1
250 4
250 8
250 43
251 1
251 3
251 7
251 8
251 25
252 0
252 4
252 6
252 9
252 25
252 48
253 1
253 2
253 9
253 25
253 29
253 43
253 63
254 2
254 5
254 7
254 8
254 9
254 10
254 23
254 29
254 35
254 43
254 48
254 49
254 83
255 0
255 1
255 3
255 4
255 8
255 10
255 22
255 25
255 29
255 32
255 33
255 37
255 38
255 43
256 9
256 22
256 29
256 31
256 83
257 1
257 2
257 4
257 5
257 6
257 7
257 8
257 22
257 23
257 25
257 29
257 36
257 41
257 43
257 48
257 54
257 72
258 1
258 2
258 4
258 7
258 8
258 10
258 12
258 23
258 25
258 35
258 43
258 54
259 0
259 3
259 4
259 6
259 9
259 11
259 24
259 25
259 26
259 28
259 29
259 34
259 42
259 54
259 61
259 70
259 79
259 85
260 0
260 25
260 43
260 61
261 8
261 29
261 32
261 38
261 43
261 48
261 64
261 66
261 74
262 8
262 25
262 29
262 37
262 43
263 10
263 33
263 79
264 4
264 10
264 29
264 32
264 33
264 38
264 43
264 64
264 66
264 74
264 79
265 8
265 22
266 49
267 4
267 8
267 43
268 0
268 1
268 3
268 4
268 6
268 7
268 22
268 25
268 27
268 29
268 39
268 42
268 43
268 48
268 50
268 51
268 54
268 56
268 63
268 65
268 79
268 83
268 87
269 1
269 4
269 8
269 22
269 25
269 29
269 43
269 48
269 50
269 51
269 59
269 60
269 64
269 66
269 67
269 79
270 6
270 7
270 35
270 39
270 50
271 4
271 7
271 25
271 29
271 54
272 9
272 25
272 49
272 50
272 64
272 84
273 3
273 4
273 8
273 22
273 25
273 29
273 43
273 48
273 50
273 51
273 56
273 60
273 74
273 79
274 4
274 9
274 10
274 25
274 43
274 65
275 3
275 4
275 27
275 29
275 50
275 51
275 79
275 83
276 0
276 3
276 4
276 6
276 7
276 24
276 25
276 27
276 29
276 43
276 50
276 63
277 0
277 3
277 4
277 6
277 7
277 8
277 23
277 25
277 27
277 29
277 43
277 44
277 48
277 50
277 51
277 54
277 56
277 63
277 67
277 79
277 83
277 87
278 4
278 22
278 25
278 48
278 51
279 3
279 4
279 25
279 37
279 43
279 48
279 51
279 87
280 3
280 4
280 6
280 7
280 25
280 32
280 45
280 50
280 51
280 63
281 4
281 9
281 10
281 22
281 25
281 32
281 43
281 51
281 64
281 66
281 84
282 0
282 3
282 4
282 6
282 7
282 25
282 50
282 59
282 73
282 83
283 4
283 6
283 7
283 10
283 22
283 25
283 29
283 38
283 40
283 50
283 51
283 59
283 83
284 0
284 1
284 3
284 4
284 6
284 10
284 25
284 29
284 43
284 50
284 51
284 61
284 72
284 79
284 83
285 1
285 6
285 7
285 25
285 50
285 83
286 25
286 29
286 43
286 50
286 51
286 77
286 87
287 4
287 7
287 9
287 25
287 28
287 41
287 43
287 45
287 51
287 79
287 87
288 0
288 33
289 0
289 33
290 25
291 1
291 5
291 6
291 13
291 17
291 54
292 1
292 22
292 29
292 43
293 4
293 7
293 22
293 27
293 37
293 43
293 67
294 4
294 8
294 10
294 22
294 29
294 35
294 40
294 48
295 25
296 1
296 2
296 5
296 6
296 9
296 15
296 18
296 25
296 50
296 62
296 83
297 1
297 2
297 3
297 7
297 9
297 12
297 14
297 16
297 17
297 18
297 21
297 25
297 37
297 59
297 62
298 4
298 5
298 8
298 43
298 48
298 62
299 5
299 54
300 8
300 51
301 4
301 5
301 25
301 54
301 59
302 1
302 8
302 29
302 43
302 51
303 1
304 43
305 3
305 6
305 9
306 0
306 1
306 3
306 4
306 6
306 7
306 8
306 9
306 13
306 24
306 25
306 28
306 34
306 37
306 42
306 43
306 45
306 47
306 50
306 54
306 61
306 63
307 4
307 7
307 25
307 43
307 47
307 48
307 52
307 54
308 1
308 3
308 4
308 8
308 10
308 29
308 32
308 35
308 43
308 48
308 50
308 55
308 60
308 63
308 65
308 83
309 1
309 6
309 7
309 9
309 25
309 28
309 29
309 36
309 47
309 63
309 65
309 71
309 79
310 0
310 1
310 7
310 8
310 9
310 22
310 23
310 25
310 27
310 28
310 29
310 32
310 37
310 43
310 45
310 52
310 63
311 9
311 47
312 9
312 11
312 13
312 29
312 37
312 53
313 0
313 1
313 3
313 4
313 5
313 6
313 8
313 10
313 14
313 15
313 23
313 25
313 26
313 27
313 30
313 35
313 42
313 43
313 44
313 48
313 54
313 55
313 59
313 67
313 70
313 79
313 83
313 87
314 29
314 43
315 1
315 9
315 25
316 0
316 1
316 2
316 3
316 5
316 6
316 7
316 11
316 12
316 13
316 22
316 23
316 25
316 26
316 28
316 29
316 31
316 33
316 35
316 36
316 38
316 42
316 43
316 48
316 58
316 59
316 60
316 61
316 62
316 64
316 74
317 0
317 2
317 3
317 6
317 12
317 18
317 25
317 54
317 83
318 0
318 3
318 4
318 6
318 12
318 13
318 15
318 21
318 24
318 25
318 45
318 48
318 50
318 54
318 61
318 83
319 0
319 5
319 6
319 12
319 20
319 25
319 42
319 47
320 0
320 1
320 2
320 4
320 5
320 6
320 12
320 13
320 18
320 25
320 42
320 45
320 54
321 1
321 5
321 6
321 12
321 43
321 48
321 54
321 57
321 62
322 5
322 14
322 54
323 1
323 2
324 9
324 43
325 6
325 13
325 18
325 35
325 37
325 56
326 0
326 4
326 9
326 34
326 43
326 51
326 56
326 71
327 25
327 58
327 71
328 0
328 12
328 15
328 55
328 59
328 86
329 1
329 2
329 3
329 4
329 8
329 10
329 22
329 25
329 29
329 32
329 33
329 37
329 38
329 43
329 50
329 59
329 66
329 77
329 79
330 1
330 3
330 4
330 22
330 25
330 29
330 37
330 43
330 50
330 64
330 65
330 66
330 79
331 3
331 4
331 8
331 23
331 25
331 29
331 35
331 37
331 42
331 43
331 48
331 79
332 1
332 23
332 42
332 54
333 1
333 9
333 28
333 45
333 59
333 87
334 1
334 7
334 8
334 25
334 28
334 29
334 37
334 40
334 43
334 47
334 54
335 43
335 55
336 1
336 8
336 9
337 9
337 10
337 25
337 54
338 7
338 8
338 22
338 25
338 29
338 32
338 43
338 44
338 48
338 49
338 64
338 77
338 79
339 6
339 7
339 8
339 22
339 25
339 29
339 32
339 37
339 38
339 43
339 44
339 48
339 49
339 53
339 55
339 64
339 65
339 66
339 79
339 82
339 86
340 3
340 4
340 8
340 22
340 25
340 43
340 49
340 74
341 3
341 4
341 8
341 22
341 25
341 29
341 33
341 37
341 43
341 50
341 79
342 1
342 3
342 4
342 6
342 7
342 9
342 10
342 13
342 22
342 23
342 25
342 29
342 32
342 33
342 40
342 43
342 48
342 50
342 51
342 64
342 65
342 74
343 3
343 7
343 8
343 29
343 43
343 50
343 63
344 0
344 1
344 3
344 7
344 8
344 9
344 10
344 22
344 25
344 27
344 28
344 29
344 32
344 35
344 38
344 43
344 44
344 47
344 49
344 50
344 51
344 54
344 58
344 59
344 60
344 62
344 63
344 64
344 66
344 68
344 75
344 77
344 79
344 81
345 1
345 3
345 5
345 31
345 43
345 45
345 63
346 1
346 2
346 4
346 5
346 6
346 26
346 42
346 45
347 1
347 3
347 4
347 7
347 8
347 9
347 22
347 25
347 29
347 33
347 37
347 43
347 48
347 49
347 50
347 54
347 63
348 4
348 6
348 10
348 37
348 43
349 43
350 1
350 4
350 43
350 54
350 61
351 1
351 2
351 4
351 5
351 6
351 8
351 13
351 21
351 23
351 35
351 43
351 48
351 54
351 63
351 87
352 2
352 4
352 23
352 43
352 54
353 1
353 4
353 23
353 43
353 48
353 54
354 1
354 2
354 3
354 4
354 6
354 23
354 43
354 48
354 50
354 54
354 65
354 79
355 2
355 4
355 43
355 54
356 0
356 1
356 2
356 4
356 5
356 6
356 8
356 25
356 26
356 34
356 43
356 45
356 48
356 54
356 63
357 1
357 7
357 8
357 29
357 50
357 67
358 7
358 8
358 25
358 50
358 67
359 7
359 8
359 22
360 4
360 8
360 25
360 54
360 55
361 4
361 6
361 25
361 43
361 54
362 7
362 8
362 25
362 28
362 29
362 42
362 47
362 59
362 63
362 79
363 1
363 3
363 40
363 43
364 22
364 29
364 32
364 33
364 45
364 51
364 64
364 66
364 79
365 1
365 4
365 7
365 8
365 9
365 28
365 35
365 52
365 74
366 0
366 1
366 2
366 3
366 6
366 9
366 25
366 26
366 42
366 43
367 0
367 2
367 9
367 11
368 1
368 23
368 25
368 54
368 63
368 79
369 1
369 4
369 23
369 25
369 43
369 59
369 68
370 7
370 8
371 0
371 1
371 3
371 4
371 10
371 25
371 29
371 43
371 54
371 59
371 63
371 65
372 1
372 25
372 48
372 54
373 1
373 3
373 4
373 6
373 7
373 8
373 16
373 23
373 25
373 37
373 43
373 54
373 59
373 72
373 87
374 4
374 6
374 7
374 8
374 10
374 23
374 25
374 35
374 43
374 44
374 54
374 79
374 83
375 3
375 4
375 8
375 23
375 37
375 43
375 44
376 4
376 5
376 25
377 1
377 3
377 4
377 7
377 25
377 37
377 54
377 70
378 3
378 4
378 8
378 35
378 43
378 50
378 65
378 83
379 3
379 4
379 8
379 40
379 43
379 50
379 59
379 61
379 79
380 7
380 8
380 10
381 1
381 6
381 7
381 9
381 28
381 45
381 63
382 1
382 4
382 43
382 54
383 6
383 18
383 83
384 6
384 9
384 64
385 0
385 1
385 3
385 4
385 5
385 6
385 8
385 11
385 13
385 18
385 23
385 25
385 27
385 34
385 35
385 40
385 43
385 44
385 45
385 48
385 50
385 54
385 59
385 75
385 79
385 83
385 87
386 0
386 1
386 2
386 3
386 4
386 5
386 8
386 15
386 18
386 22
386 23
386 25
386 29
386 40
386 43
386 44
386 48
386 50
386 54
386 59
386 83
386 87
387 1
387 4
387 9
387 25
387 40
387 43
387 54
387 83
388 3
388 8
388 50
389 4
389 7
389 19
389 25
389 29
389 49
389 56
389 77
390 8
391 4
391 7
392 8
392 25
392 54
393 11
393 30
393 34
394 8
394 10
394 22
394 29
394 33
394 37
394 79
395 8
395 25
395 33
395 43
396 4
396 35
397 4
397 22
398 0
398 7
398 29
398 64
399 0
399 7
399 29
399 64
400 0
400 3
400 25
401 29
402 0
402 24
402 25
403 1
403 4
403 6
403 7
403 8
403 25
404 3
404 22
404 29
404 38
404 40
404 51
404 64
404 73
404 79
405 1
405 4
405 6
405 7
405 8
405 43
406 3
406 29
406 43
407 3
407 43
408 1
408 4
408 6
408 8
408 9
408 25
408 37
408 40
408 43
408 51
408 61
408 79
408 83
409 0
409 3
409 25
410 3
410 8
410 25
410 43
411 3
412 7
412 8
412 25
412 43
413 3
413 8
413 14
413 25
413 43
414 3
414 8
414 25
414 43
415 4
415 8
415 43
416 1
416 3
416 4
416 8
416 10
416 22
416 27
416 29
416 33
416 50
416 51
416 77
416 79
417 3
418 1
419 3
419 5
419 6
419 7
419 25
419 41
419 42
419 43
420 0
420 1
420 3
420 4
420 6
420 7
420 8
420 10
420 22
420 23
420 25
420 27
420 29
420 42
420 43
420 54
420 59
420 65
420 83
420 87
421 0
421 1
421 3
421 4
421 6
421 7
421 8
421 21
421 24
421 25
421 35
421 39
421 42
421 43
421 48
421 54
421 59
421 65
421 83
421 86
422 3
422 6
422 25
422 50
422 83
423 6
423 25
423 43
423 86
424 4
424 6
424 8
424 35
424 43
425 4
425 8
425 10
425 25
425 43
425 54
426 43
427 7
428 1
428 5
428 8
429 4
429 8
429 48
429 54
430 1
430 4
431 1
431 4
431 5
431 54
431 62
432 4
432 5
432 6
432 13
432 54
432 62
433 4
433 8
433 59
434 4
434 8
434 43
435 43
436 4
436 8
436 43
437 0
437 3
437 8
437 43
437 59
437 83
438 1
438 2
438 3
438 4
438 5
438 7
438 8
438 9
438 10
438 12
438 16
438 22
438 23
438 25
438 29
438 35
438 41
438 43
438 44
438 47
438 48
438 54
438 59
439 43
440 8
441 22
442 79
