443 5 111
0 0
1 1
2 2
3 3
4 4
5 5
6 6
7 2
8 7
9 2
10 8
11 9
12 10
13 7
14 4
15 11
15 20
15 27
16 12
16 45
17 13
18 10
19 10
20 14
21 10
22 7
23 9
24 15
25 0
26 11
27 2
28 16
29 17
30 15
30 82
31 10
32 4
33 17
34 7
35 18
35 19
35 23
36 18
36 19
36 23
37 16
38 11
39 21
40 10
41 8
42 4
43 16
44 4
45 22
46 7
47 1
48 10
49 2
50 6
51 22
52 0
53 13
54 11
55 14
56 22
57 11
58 11
59 11
60 24
61 24
62 25
63 25
64 11
65 1
66 25
67 11
68 15
68 21
69 26
70 20
71 11
72 11
73 0
74 10
75 10
76 13
77 10
78 27
79 28
80 29
81 30
81 43
82 30
83 31
83 42
83 43
83 49
84 31
84 42
84 43
84 49
85 0
86 10
87 10
88 32
89 32
90 32
91 33
92 26
93 26
94 26
95 28
96 16
97 16
98 15
99 15
100 25
101 13
102 10
103 10
104 34
105 34
106 34
107 34
108 34
109 34
110 35
111 36
112 36
113 37
114 36
115 37
115 60
116 38
117 38
118 38
119 38
120 38
121 38
121 70
122 38
122 70
122 92
123 36
124 38
125 38
125 70
125 92
126 39
127 39
128 37
128 60
129 1
130 1
131 1
132 16
133 39
134 39
135 39
136 39
137 40
138 40
139 40
140 40
141 0
142 0
143 0
144 0
145 15
146 41
147 41
148 0
149 37
150 37
151 41
152 41
153 41
154 41
155 5
156 5
157 5
158 43
159 43
160 17
161 43
162 43
163 43
164 17
165 17
166 17
167 14
168 41
169 41
170 44
171 1
172 1
173 1
174 45
174 58
175 46
176 46
177 0
178 45
179 22
180 22
181 22
182 45
183 4
184 4
185 4
186 44
187 44
188 45
189 43
190 45
191 45
192 44
193 45
194 47
195 47
196 48
197 44
198 38
199 38
200 49
201 49
202 49
203 49
204 44
205 50
206 47
207 50
208 51
209 13
210 50
211 0
212 48
213 48
214 48
215 48
216 4
217 50
218 52
219 52
220 43
220 52
220 63
220 76
221 43
221 52
221 63
221 76
222 13
223 52
224 52
225 43
225 52
226 43
226 52
227 1
228 53
229 1
230 5
231 13
232 54
232 71
233 55
234 56
235 55
236 56
237 56
238 56
239 56
240 56
241 56
242 55
243 55
244 54
245 54
245 71
246 54
246 71
247 54
247 71
248 54
248 71
249 56
250 56
251 32
252 32
253 32
254 32
255 42
256 32
257 57
258 57
259 37
259 60
260 5
261 59
262 59
263 43
264 59
265 52
266 54
267 52
268 61
269 62
270 64
271 65
272 61
273 62
274 62
275 61
276 61
277 66
278 61
279 62
280 66
281 66
282 61
283 66
284 66
285 66
286 62
287 62
288 43
289 43
290 45
291 67
292 68
293 68
294 68
295 68
296 69
297 67
298 67
299 67
300 68
301 67
302 52
303 50
304 50
305 50
306 70
306 92
306 94
307 52
308 70
308 92
309 70
310 70
311 70
312 70
313 72
314 52
315 71
316 73
317 74
318 74
319 74
320 74
321 67
322 67
323 71
324 70
325 75
326 75
327 75
328 74
329 77
330 77
331 77
332 67
333 78
334 78
335 78
336 78
337 78
338 76
339 76
340 77
341 77
342 79
343 80
344 81
345 82
346 58
347 83
348 84
349 4
350 85
351 85
352 85
353 85
354 85
355 85
356 86
357 80
358 80
359 80
360 84
361 84
362 84
363 84
364 38
365 78
366 87
367 87
368 44
369 44
370 80
371 86
372 52
373 88
374 89
375 89
376 86
377 90
378 90
379 90
380 91
381 92
382 90
383 82
384 54
385 5
386 5
387 5
388 70
389 93
390 94
391 94
392 94
393 94
394 95
395 96
396 95
397 95
398 95
399 95
400 96
401 96
402 95
403 97
404 38
405 97
406 96
407 96
408 5
409 98
410 98
411 98
412 98
413 98
414 98
415 99
416 100
417 94
418 94
419 101
420 101
421 101
422 101
423 102
424 102
425 102
426 94
427 91
428 102
429 102
430 102
431 103
431 104
431 105
431 106
431 107
432 103
432 104
432 105
432 106
432 107
433 108
434 108
435 108
436 108
437 108
438 109
439 83
440 83
441 110
442 95
