443 91 161
0 0
0 1
0 2
0 3
0 4
0 5
0 6
0 7
0 8
0 9
0 10
0 11
0 12
0 13
0 16
0 17
0 18
0 20
0 21
0 22
0 29
0 30
0 33
0 34
0 35
0 36
0 37
0 38
0 42
0 44
0 47
0 48
0 53
0 56
0 64
0 68
0 70
0 78
0 82
0 90
0 96
0 100
0 101
0 103
0 106
0 109
0 111
0 124
0 133
0 153
1 0
1 1
1 2
1 3
1 4
1 6
1 7
1 8
1 9
1 10
1 11
1 16
1 17
1 20
1 22
1 23
1 29
1 35
1 36
1 38
1 46
1 47
1 82
1 84
2 0
2 1
2 2
2 3
2 4
2 5
2 6
2 7
2 8
2 9
2 10
2 11
2 13
2 16
2 17
2 18
2 19
2 20
2 21
2 22
2 23
2 29
2 30
2 33
2 37
2 38
2 44
2 47
2 48
2 51
2 54
2 64
2 68
2 90
2 96
2 124
2 133
2 153
3 0
3 1
3 3
3 4
3 5
3 6
3 8
3 9
3 10
3 12
3 16
3 19
3 26
3 27
3 29
3 31
3 34
3 36
3 37
3 41
3 42
3 44
3 46
3 47
3 48
3 53
3 66
3 69
3 77
3 84
3 92
3 101
3 128
3 129
3 152
4 0
4 1
4 2
4 3
4 4
4 5
4 6
4 7
4 8
4 9
4 10
4 11
4 12
4 13
4 16
4 17
4 18
4 30
4 35
4 36
4 37
4 38
4 41
4 42
4 44
4 47
4 50
4 51
4 53
4 56
4 57
4 58
4 63
4 68
4 69
4 78
4 88
4 89
4 92
4 95
4 96
4 101
4 103
4 104
4 111
4 134
4 152
5 0
5 1
5 2
5 3
5 4
5 5
5 6
5 7
5 8
5 9
5 10
5 11
5 15
5 16
5 17
5 18
5 19
5 20
5 21
5 22
5 23
5 24
5 25
5 28
5 29
5 32
5 35
5 36
5 37
5 44
5 45
5 46
5 47
5 65
5 68
5 70
5 71
5 77
5 80
5 84
5 88
5 89
5 101
5 103
5 106
5 110
5 134
5 152
6 0
6 1
6 2
6 3
6 4
6 5
6 6
6 7
6 8
6 9
6 10
6 11
6 12
6 13
6 14
6 15
6 16
6 17
6 18
6 19
6 20
6 21
6 22
6 23
6 24
6 25
6 26
6 27
6 28
6 29
6 30
6 31
6 33
6 34
6 35
6 36
6 37
6 38
6 41
6 42
6 43
6 44
6 45
6 46
6 47
6 48
6 49
6 50
6 51
6 53
6 56
6 57
6 58
6 61
6 64
6 65
6 68
6 69
6 70
6 71
6 72
6 74
6 76
6 77
6 78
6 79
6 80
6 81
6 82
6 83
6 84
6 88
6 89
6 91
6 92
6 93
6 95
6 96
6 97
6 101
6 103
6 104
6 105
6 106
6 109
6 110
6 123
6 125
6 127
6 134
6 152
7 0
7 1
7 2
7 4
7 7
7 10
7 11
7 16
7 18
7 33
7 44
7 64
7 106
8 0
8 1
8 2
8 3
8 4
8 5
8 6
8 7
8 8
8 9
8 10
8 11
8 12
8 16
8 17
8 18
8 19
8 21
8 22
8 23
8 25
8 28
8 29
8 30
8 34
8 35
8 36
8 37
8 39
8 40
8 41
8 42
8 43
8 44
8 46
8 47
8 48
8 49
8 50
8 51
8 54
8 57
8 58
8 59
8 61
8 62
8 63
8 65
8 66
8 67
8 68
8 69
8 73
8 76
8 79
8 80
8 82
8 86
8 88
8 89
8 90
8 92
8 95
8 96
8 98
8 100
8 102
8 106
8 108
8 109
8 110
8 113
8 115
8 116
8 123
8 127
8 129
8 141
8 142
8 143
8 144
8 149
8 150
8 152
9 0
9 1
9 2
9 3
9 5
9 7
9 8
9 10
9 11
9 15
9 17
9 18
9 20
9 23
9 29
9 35
9 37
9 42
9 44
9 47
9 48
9 56
9 68
9 96
9 152
10 0
10 1
10 2
10 3
10 4
10 5
10 6
10 8
10 9
10 10
10 12
10 16
10 17
10 21
10 22
10 28
10 29
10 32
10 35
10 36
10 37
10 39
10 40
10 41
10 42
10 43
10 44
10 46
10 47
10 48
10 49
10 50
10 51
10 52
10 53
10 54
10 57
10 58
10 59
10 60
10 61
10 62
10 63
10 66
10 69
10 72
10 73
10 74
10 75
10 77
10 80
10 85
10 89
10 99
10 100
10 101
10 106
10 107
10 108
10 113
10 115
10 116
10 117
10 119
10 120
10 121
10 132
10 134
10 135
10 136
10 137
10 138
10 145
10 146
10 147
10 148
10 149
10 152
11 0
11 1
11 2
11 3
11 4
11 5
11 6
11 7
11 8
11 9
11 10
11 11
11 12
11 13
11 14
11 15
11 16
11 17
11 18
11 20
11 21
11 22
11 25
11 29
11 34
11 36
11 37
11 39
11 40
11 41
11 42
11 43
11 44
11 46
11 47
11 48
11 49
11 51
11 57
11 61
11 64
11 65
11 68
11 69
11 71
11 77
11 79
11 84
11 95
11 102
11 103
11 104
11 106
11 109
11 120
11 123
11 152
12 1
12 3
12 4
12 6
12 8
12 9
12 10
12 11
12 12
12 16
12 18
12 35
12 39
12 42
12 43
12 49
12 51
12 55
12 58
12 69
12 72
12 73
12 79
12 81
12 88
12 89
12 95
12 96
12 97
12 106
12 109
12 120
12 123
12 134
12 146
12 152
12 155
13 0
13 1
13 2
13 3
13 4
13 6
13 7
13 8
13 9
13 10
13 11
13 12
13 16
13 18
13 30
13 42
13 43
13 44
13 48
13 58
13 61
13 69
13 71
13 86
13 88
13 89
13 95
13 106
13 109
13 152
14 0
14 1
14 2
14 3
14 4
14 5
14 6
14 8
14 9
14 10
14 11
14 12
14 13
14 16
14 17
14 18
14 20
14 21
14 22
14 23
14 25
14 27
14 28
14 29
14 32
14 34
14 35
14 36
14 37
14 42
14 44
14 46
14 47
14 49
14 53
14 57
14 58
14 61
14 71
14 77
14 82
14 90
14 93
14 96
14 106
15 0
15 1
15 2
15 3
15 4
15 5
15 6
15 7
15 8
15 9
15 10
15 11
15 13
15 14
15 15
15 16
15 17
15 18
15 19
15 20
15 21
15 22
15 23
15 25
15 29
15 32
15 33
15 35
15 36
15 37
15 38
15 42
15 44
15 46
15 47
15 48
15 53
15 64
15 65
15 70
15 72
15 73
15 76
15 77
15 82
15 83
15 88
15 89
15 96
15 101
15 103
15 105
15 106
15 110
15 152
16 0
16 1
16 2
16 3
16 4
16 5
16 6
16 7
16 8
16 9
16 10
16 12
16 15
16 16
16 17
16 18
16 19
16 21
16 22
16 35
16 36
16 37
16 42
16 43
16 44
16 46
16 47
16 57
16 70
16 76
16 77
16 88
16 89
16 95
16 101
16 103
16 106
16 109
16 123
16 134
16 152
17 0
17 1
17 2
17 3
17 4
17 5
17 6
17 7
17 8
17 9
17 10
17 15
17 16
17 17
17 18
17 19
17 20
17 21
17 22
17 23
17 32
17 35
17 36
17 37
17 38
17 40
17 42
17 46
17 47
17 49
17 53
17 57
17 62
17 69
17 71
17 82
17 87
17 90
17 97
17 101
17 102
17 106
17 135
18 1
18 3
18 4
18 8
18 9
18 10
18 12
18 16
18 42
18 47
18 58
18 61
18 69
18 81
18 82
18 95
18 123
18 146
18 152
19 1
19 3
19 4
19 9
19 12
19 42
19 43
19 47
19 53
19 69
19 86
19 88
19 89
19 115
19 152
20 1
20 3
20 4
20 6
20 8
20 9
20 10
20 11
20 12
20 15
20 16
20 17
20 18
20 22
20 29
20 35
20 36
20 37
20 42
20 43
20 46
20 47
20 48
20 51
20 53
20 57
20 61
20 69
20 71
20 77
20 80
20 88
20 89
20 95
20 100
20 104
20 106
20 120
20 123
20 127
20 134
20 142
20 152
20 155
21 0
21 1
21 3
21 4
21 5
21 6
21 8
21 9
21 10
21 11
21 12
21 16
21 18
21 30
21 35
21 36
21 39
21 40
21 41
21 42
21 43
21 47
21 49
21 51
21 55
21 57
21 58
21 60
21 61
21 66
21 69
21 73
21 79
21 82
21 88
21 89
21 90
21 95
21 96
21 104
21 106
21 109
21 113
21 123
21 134
21 142
21 146
21 149
21 152
21 156
22 0
22 1
22 3
22 4
22 5
22 6
22 8
22 9
22 10
22 11
22 12
22 13
22 16
22 17
22 18
22 21
22 22
22 23
22 29
22 30
22 32
22 33
22 35
22 36
22 37
22 39
22 40
22 41
22 42
22 43
22 44
22 46
22 54
22 55
22 56
22 57
22 58
22 59
22 61
22 62
22 63
22 65
22 66
22 68
22 69
22 75
22 79
22 86
22 88
22 89
22 90
22 91
22 95
22 100
22 102
22 104
22 106
22 107
22 109
22 110
22 116
22 123
22 129
22 134
22 139
22 140
22 150
22 152
23 0
23 1
23 2
23 3
23 4
23 5
23 6
23 7
23 8
23 9
23 10
23 11
23 12
23 13
23 14
23 15
23 16
23 17
23 18
23 20
23 21
23 22
23 23
23 24
23 29
23 30
23 35
23 36
23 37
23 39
23 40
23 41
23 42
23 44
23 46
23 47
23 48
23 49
23 51
23 52
23 56
23 58
23 59
23 61
23 62
23 63
23 65
23 66
23 67
23 68
23 69
23 72
23 77
23 78
23 80
23 82
23 90
23 95
23 100
23 102
23 104
23 106
23 109
23 113
23 116
23 117
23 134
23 140
23 142
23 152
24 1
24 3
24 4
24 5
24 6
24 7
24 8
24 10
24 11
24 14
24 15
24 16
24 17
24 19
24 20
24 22
24 23
24 29
24 35
24 38
24 47
25 0
25 1
25 2
25 3
25 4
25 6
25 7
25 9
25 10
25 11
25 13
25 16
25 17
25 18
25 21
25 22
25 23
25 29
25 30
25 33
25 35
25 36
25 44
25 46
25 47
25 53
25 54
25 55
25 61
25 62
25 64
25 68
25 96
25 109
25 126
25 131
25 133
25 152
25 155
26 0
26 1
26 2
26 3
26 4
26 5
26 6
26 7
26 8
26 9
26 10
26 11
26 15
26 16
26 17
26 18
26 19
26 20
26 24
26 29
26 35
26 38
26 44
26 47
26 68
26 70
26 77
26 78
26 84
26 96
26 105
26 110
27 0
27 1
27 2
27 3
27 4
27 7
27 8
27 10
27 11
27 13
27 17
27 18
27 22
27 23
27 29
27 30
27 33
27 35
27 47
27 53
27 54
27 64
27 70
27 96
27 153
28 0
28 1
28 2
28 3
28 4
28 5
28 6
28 8
28 9
28 10
28 11
28 12
28 15
28 16
28 17
28 18
28 21
28 22
28 29
28 31
28 35
28 36
28 37
28 39
28 40
28 41
28 42
28 43
28 44
28 46
28 47
28 48
28 49
28 51
28 57
28 58
28 59
28 60
28 61
28 65
28 69
28 73
28 77
28 79
28 80
28 88
28 89
28 90
28 95
28 97
28 99
28 101
28 103
28 106
28 116
28 120
28 123
28 128
28 134
28 152
29 1
29 3
29 4
29 8
29 9
29 12
29 17
29 30
29 39
29 41
29 42
29 79
29 89
29 152
30 1
30 2
30 3
30 4
30 6
30 9
30 10
30 11
30 14
30 17
30 18
30 20
30 23
30 29
30 38
30 47
30 57
30 152
31 1
31 3
31 4
31 6
31 8
31 9
31 10
31 12
31 16
31 17
31 18
31 22
31 35
31 39
31 40
31 42
31 43
31 47
31 51
31 57
31 58
31 59
31 69
31 82
31 89
31 95
31 108
31 113
31 115
31 120
31 123
31 134
31 152
32 0
32 1
32 2
32 3
32 4
32 6
32 7
32 8
32 9
32 10
32 11
32 13
32 16
32 17
32 18
32 21
32 22
32 25
32 29
32 30
32 35
32 36
32 37
32 38
32 44
32 45
32 47
32 56
32 57
32 64
32 78
32 96
32 104
32 109
32 111
32 153
33 1
33 3
33 4
33 9
33 12
33 16
33 18
33 21
33 30
33 35
33 42
33 43
33 61
33 67
33 89
33 106
33 127
33 152
34 0
34 1
34 2
34 3
34 4
34 6
34 8
34 9
34 10
34 11
34 12
34 13
34 16
34 17
34 18
34 21
34 22
34 30
34 37
34 39
34 42
34 43
34 49
34 56
34 57
34 58
34 61
34 62
34 69
34 82
34 90
34 95
34 96
34 100
34 134
35 0
35 1
35 2
35 3
35 4
35 5
35 6
35 7
35 8
35 9
35 10
35 13
35 14
35 15
35 16
35 17
35 18
35 19
35 20
35 21
35 23
35 28
35 29
35 35
35 36
35 37
35 38
35 42
35 44
35 45
35 46
35 47
35 65
35 72
35 74
35 84
35 101
35 105
35 106
35 110
36 0
36 1
36 2
36 3
36 4
36 5
36 6
36 9
36 10
36 11
36 15
36 17
36 18
36 19
36 20
36 21
36 22
36 23
36 24
36 28
36 29
36 35
36 36
36 37
36 42
36 44
36 46
36 47
36 48
36 53
36 65
36 103
36 104
36 110
36 152
37 0
37 1
37 2
37 3
37 4
37 5
37 6
37 7
37 8
37 9
37 10
37 11
37 12
37 14
37 15
37 16
37 17
37 20
37 21
37 22
37 25
37 26
37 28
37 35
37 36
37 37
37 39
37 40
37 42
37 43
37 44
37 46
37 47
37 48
37 50
37 51
37 52
37 58
37 59
37 60
37 61
37 62
37 65
37 66
37 68
37 69
37 72
37 73
37 79
37 80
37 81
37 88
37 89
37 95
37 101
37 102
37 106
37 109
37 123
37 134
37 152
38 0
38 1
38 2
38 3
38 4
38 5
38 7
38 9
38 10
38 11
38 13
38 15
38 18
38 30
38 42
38 65
38 68
38 84
38 96
38 152
39 0
39 1
39 2
39 3
39 4
39 5
39 6
39 7
39 8
39 9
39 10
39 11
39 13
39 14
39 16
39 17
39 18
39 19
39 20
39 21
39 22
39 23
39 29
39 32
39 34
39 35
39 37
39 38
39 42
39 44
39 47
39 48
39 64
39 65
39 70
39 71
39 74
39 76
39 77
39 82
39 83
39 84
39 104
39 105
39 110
39 134
39 152
39 155
40 1
40 3
40 4
40 8
40 9
40 12
40 16
40 17
40 18
40 37
40 39
40 42
40 43
40 58
40 69
40 79
40 86
40 95
40 134
40 152
41 0
41 1
41 3
41 4
41 5
41 6
41 8
41 9
41 10
41 12
41 13
41 15
41 16
41 17
41 19
41 22
41 28
41 29
41 35
41 36
41 37
41 39
41 40
41 41
41 42
41 46
41 47
41 49
41 52
41 57
41 58
41 61
41 62
41 69
41 73
41 77
41 86
41 106
41 113
41 120
41 123
41 128
41 129
41 134
41 142
41 152
42 0
42 1
42 2
42 3
42 4
42 6
42 8
42 9
42 10
42 11
42 12
42 16
42 18
42 21
42 30
42 32
42 35
42 36
42 37
42 42
42 43
42 46
42 47
42 61
42 68
42 77
42 89
42 92
42 96
42 152
43 0
43 1
43 2
43 3
43 4
43 5
43 6
43 8
43 9
43 10
43 11
43 12
43 13
43 16
43 17
43 18
43 19
43 20
43 22
43 24
43 25
43 29
43 35
43 36
43 37
43 39
43 40
43 41
43 42
43 43
43 44
43 46
43 47
43 48
43 49
43 51
43 57
43 58
43 59
43 61
43 62
43 69
43 71
43 72
43 73
43 77
43 80
43 89
43 101
43 102
43 106
43 109
43 110
43 119
43 121
43 123
43 134
43 152
44 0
44 1
44 2
44 3
44 4
44 5
44 6
44 7
44 8
44 9
44 10
44 11
44 14
44 15
44 16
44 17
44 18
44 19
44 20
44 21
44 23
44 28
44 29
44 34
44 35
44 36
44 37
44 38
44 42
44 44
44 45
44 46
44 47
44 51
44 60
44 65
44 84
44 110
45 1
45 2
45 3
45 4
45 6
45 8
45 9
45 10
45 11
45 16
45 17
45 18
45 20
45 21
45 22
45 23
45 28
45 29
45 36
45 38
45 42
45 46
45 47
45 48
45 57
45 70
45 101
45 102
45 152
46 0
46 1
46 2
46 3
46 4
46 5
46 8
46 9
46 10
46 11
46 12
46 16
46 17
46 18
46 22
46 25
46 32
46 37
46 40
46 42
46 47
46 50
46 51
46 57
46 59
46 60
46 61
46 68
46 73
46 79
46 89
46 90
46 96
46 101
46 102
46 103
46 107
46 108
46 120
46 134
46 145
47 0
47 1
47 3
47 4
47 5
47 9
47 10
47 16
47 20
47 21
47 29
47 35
47 36
47 42
47 46
47 47
47 61
48 1
48 2
48 3
48 4
48 6
48 8
48 9
48 11
48 16
48 17
48 18
48 30
48 35
48 39
48 40
48 42
48 43
48 47
48 51
48 53
48 55
48 58
48 67
48 73
48 79
48 89
48 107
48 113
48 120
48 123
48 130
48 152
49 0
49 1
49 2
49 10
49 11
49 16
49 17
49 19
49 20
49 23
49 29
49 35
49 37
49 38
49 68
50 0
50 1
50 2
50 3
50 4
50 5
50 6
50 7
50 8
50 9
50 10
50 11
50 12
50 13
50 14
50 15
50 16
50 17
50 18
50 19
50 20
50 21
50 22
50 23
50 26
50 28
50 29
50 33
50 35
50 36
50 37
50 38
50 42
50 43
50 44
50 47
50 51
50 53
50 57
50 58
50 61
50 65
50 69
50 70
50 74
50 75
50 78
50 79
50 80
50 81
50 82
50 88
50 89
50 95
50 96
50 101
50 103
50 104
50 105
50 106
50 109
50 110
50 123
50 152
51 1
51 2
51 3
51 4
51 5
51 6
51 8
51 9
51 10
51 11
51 14
51 16
51 17
51 18
51 19
51 20
51 21
51 22
51 23
51 25
51 29
51 33
51 35
51 36
51 38
51 42
51 47
51 65
51 70
51 88
52 0
52 1
52 2
52 3
52 4
52 5
52 6
52 7
52 8
52 9
52 10
52 11
52 13
52 15
52 16
52 17
52 18
52 19
52 20
52 22
52 23
52 24
52 25
52 27
52 29
52 33
52 35
52 36
52 37
52 41
52 42
52 44
52 47
52 48
52 53
52 56
52 64
52 68
52 69
52 78
52 81
52 82
52 92
52 96
52 100
52 104
52 110
52 124
53 0
53 1
53 2
53 3
53 4
53 6
53 7
53 8
53 10
53 11
53 13
53 16
53 17
53 18
53 35
53 42
53 44
53 53
53 106
53 153
54 0
54 1
54 2
54 3
54 4
54 6
54 7
54 10
54 11
54 13
54 16
54 17
54 18
54 20
54 21
54 30
54 33
54 36
54 44
54 48
54 54
54 64
54 68
54 96
54 106
55 1
55 3
55 4
55 5
55 6
55 8
55 9
55 10
55 11
55 12
55 13
55 16
55 17
55 18
55 20
55 21
55 22
55 23
55 29
55 30
55 35
55 36
55 37
55 39
55 40
55 41
55 42
55 43
55 47
55 48
55 53
55 58
55 63
55 64
55 69
55 70
55 72
55 73
55 88
55 89
55 91
55 95
55 100
55 101
55 106
55 107
55 113
55 119
55 121
55 123
55 128
55 129
55 130
55 142
55 152
56 0
56 1
56 2
56 3
56 4
56 6
56 8
56 10
56 11
56 13
56 16
56 17
56 18
56 19
56 20
56 21
56 23
56 29
56 30
56 33
56 35
56 36
56 44
56 47
56 53
56 96
56 152
57 0
57 1
57 6
57 8
57 10
57 16
57 17
57 21
57 35
57 38
57 46
57 48
58 1
58 3
58 4
58 10
58 11
58 16
58 22
58 33
59 1
59 5
59 6
59 10
59 16
59 17
59 29
60 0
60 1
60 2
60 3
60 4
60 6
60 7
60 9
60 10
60 11
60 12
60 13
60 14
60 16
60 17
60 18
60 22
60 30
60 33
60 44
60 47
60 57
60 64
60 68
60 79
60 96
60 103
60 106
60 109
60 111
60 124
60 134
60 152
60 153
61 0
61 1
61 2
61 3
61 4
61 5
61 6
61 7
61 9
61 10
61 11
61 12
61 13
61 14
61 15
61 16
61 17
61 18
61 19
61 22
61 26
61 27
61 29
61 30
61 31
61 34
61 35
61 36
61 37
61 38
61 39
61 42
61 44
61 45
61 46
61 47
61 48
61 51
61 57
61 68
61 69
61 72
61 84
61 88
61 89
61 92
61 104
61 106
61 109
61 114
61 134
61 152
62 0
62 1
62 2
62 3
62 4
62 5
62 6
62 8
62 10
62 14
62 15
62 16
62 17
62 18
62 19
62 20
62 22
62 25
62 26
62 27
62 28
62 29
62 35
62 36
62 38
62 42
62 44
62 46
62 47
62 68
62 69
62 71
62 80
62 84
62 89
62 96
62 104
62 106
62 114
62 152
63 0
63 1
63 2
63 3
63 4
63 5
63 8
63 9
63 10
63 13
63 16
63 17
63 18
63 19
63 20
63 21
63 22
63 23
63 26
63 29
63 30
63 35
63 37
63 38
63 42
63 44
63 47
63 48
63 70
64 0
64 1
64 4
64 10
64 16
64 17
64 19
64 20
64 23
64 35
64 36
64 44
64 47
65 1
65 3
65 4
65 5
65 6
65 9
65 10
65 12
65 16
65 20
65 22
65 35
65 42
65 47
65 49
65 51
65 52
65 55
65 61
65 88
65 89
65 92
65 101
65 103
65 123
65 134
65 152
65 155
66 0
66 1
66 3
66 4
66 5
66 9
66 10
66 17
66 18
66 19
66 26
66 29
66 42
66 44
66 46
66 71
66 88
66 101
66 152
67 1
67 10
67 17
67 29
67 47
68 0
68 1
68 3
68 4
68 5
68 6
68 7
68 8
68 9
68 10
68 14
68 15
68 16
68 17
68 19
68 20
68 22
68 24
68 29
68 35
68 36
68 37
68 42
68 44
68 46
68 47
68 69
68 72
68 84
68 88
68 89
68 95
68 101
68 103
68 110
68 152
69 0
69 1
69 2
69 3
69 4
69 5
69 6
69 7
69 8
69 10
69 11
69 15
69 16
69 17
69 18
69 19
69 20
69 21
69 22
69 23
69 24
69 29
69 35
69 36
69 38
69 44
69 46
69 47
69 78
69 82
69 105
70 1
70 2
70 3
70 4
70 6
70 7
70 9
70 10
70 11
70 13
70 16
70 17
70 18
70 20
70 21
70 22
70 23
70 26
70 29
70 33
70 35
70 37
70 38
70 44
70 47
70 48
70 70
71 0
71 1
71 2
71 3
71 4
71 5
71 6
71 7
71 10
71 11
71 16
71 17
71 18
71 20
71 21
71 23
71 29
71 33
71 35
71 37
71 38
71 42
71 96
72 0
72 1
72 10
72 16
72 17
72 27
72 31
72 34
72 44
72 47
72 48
72 84
73 0
73 1
73 2
73 3
73 4
73 5
73 6
73 7
73 9
73 10
73 11
73 13
73 16
73 17
73 18
73 20
73 29
73 30
73 33
73 35
73 36
73 37
73 39
73 41
73 42
73 43
73 44
73 46
73 47
73 50
73 51
73 56
73 57
73 65
73 68
73 73
73 88
73 96
73 103
74 0
74 1
74 3
74 4
74 5
74 6
74 8
74 9
74 12
74 16
74 30
74 35
74 36
74 37
74 39
74 40
74 42
74 43
74 47
74 49
74 51
74 53
74 56
74 57
74 58
74 59
74 61
74 63
74 66
74 89
74 95
74 96
74 98
74 99
74 108
74 113
74 117
74 118
74 134
75 1
75 3
75 4
75 5
75 6
75 8
75 9
75 11
75 12
75 16
75 18
75 30
75 35
75 36
75 37
75 39
75 40
75 42
75 43
75 44
75 47
75 51
75 53
75 60
75 61
75 62
75 67
75 68
75 73
75 82
75 86
75 89
75 96
75 99
75 107
75 113
75 115
75 116
75 118
75 120
75 123
75 134
75 142
76 1
76 3
76 4
76 6
76 8
76 9
76 10
76 16
76 18
76 21
76 22
76 35
76 36
76 39
76 47
76 49
76 53
76 54
76 55
76 59
76 69
76 90
76 95
76 100
76 104
77 1
77 3
77 4
77 8
77 9
77 12
77 16
77 42
77 43
77 47
77 58
77 82
77 89
77 94
77 95
77 112
77 123
77 152
78 1
78 2
78 3
78 4
78 5
78 8
78 10
78 11
78 13
78 15
78 16
78 17
78 18
78 20
78 21
78 22
78 23
78 29
78 30
78 33
78 42
78 47
78 48
78 64
79 0
79 1
79 3
79 4
79 5
79 6
79 8
79 9
79 10
79 11
79 16
79 17
79 19
79 20
79 21
79 22
79 29
79 35
79 36
79 37
79 38
79 42
79 47
79 76
79 101
79 106
80 0
80 1
80 2
80 3
80 4
80 5
80 6
80 7
80 8
80 9
80 10
80 13
80 15
80 16
80 17
80 19
80 20
80 21
80 29
80 35
80 36
80 37
80 38
80 42
80 44
80 46
80 47
80 48
80 64
80 83
80 84
80 152
81 1
81 3
81 4
81 9
81 12
81 16
81 17
81 35
81 36
81 37
81 39
81 42
81 43
81 47
81 48
81 49
81 51
81 59
81 60
81 66
81 95
81 116
81 132
81 140
81 157
81 160
82 0
82 1
82 3
82 4
82 8
82 9
82 12
82 35
82 36
82 39
82 40
82 42
82 46
82 47
82 49
82 51
82 57
82 59
82 115
82 134
83 3
83 4
83 8
83 9
83 12
83 16
83 21
83 35
83 36
83 39
83 40
83 41
83 42
83 47
83 51
83 58
83 59
83 62
83 66
83 69
83 89
83 90
83 134
84 1
84 4
84 8
84 9
84 35
84 36
84 39
84 40
84 42
84 43
84 47
84 62
84 75
84 79
84 89
84 90
85 0
85 1
85 2
85 3
85 4
85 5
85 6
85 7
85 8
85 9
85 10
85 11
85 12
85 13
85 17
85 18
85 29
85 30
85 33
85 36
85 42
85 43
85 44
85 47
85 48
85 51
85 56
85 61
85 64
85 68
85 70
85 81
85 82
85 88
85 92
85 95
85 96
85 101
85 103
85 104
85 106
85 109
85 123
86 1
86 3
86 4
86 8
86 9
86 16
86 40
86 42
86 49
86 53
86 58
86 81
86 86
86 89
86 95
86 112
86 134
86 152
87 0
87 3
87 4
87 9
87 39
87 40
87 42
87 47
87 89
87 95
87 123
88 3
88 4
88 8
88 9
88 12
88 35
88 36
88 47
88 53
88 152
89 0
89 1
89 3
89 4
89 6
89 8
89 9
89 12
89 16
89 17
89 35
89 36
89 37
89 39
89 42
89 46
89 47
89 52
89 62
89 76
89 86
89 112
89 118
90 0
90 1
90 3
90 4
90 8
90 10
90 12
90 16
90 43
90 49
90 51
90 53
90 55
90 60
90 61
90 93
90 134
90 152
91 1
91 3
91 4
91 8
91 9
91 12
91 35
91 36
91 42
91 43
91 47
91 49
91 51
91 58
91 77
91 81
91 89
91 92
92 0
92 1
92 2
92 3
92 4
92 6
92 7
92 10
92 11
92 15
92 16
92 17
92 18
92 19
92 20
92 21
92 22
92 23
92 24
92 29
92 35
92 36
92 37
92 38
92 42
92 44
92 45
92 46
92 47
92 48
92 65
92 78
92 80
92 82
92 84
92 104
92 105
92 110
92 152
93 0
93 1
93 2
93 3
93 4
93 5
93 6
93 7
93 8
93 10
93 11
93 14
93 15
93 16
93 17
93 18
93 19
93 20
93 21
93 22
93 23
93 28
93 29
93 33
93 35
93 36
93 37
93 38
93 44
93 46
93 47
93 48
93 56
93 65
93 69
93 72
93 80
93 82
93 84
93 90
93 95
93 101
93 103
93 104
93 106
93 109
93 110
93 152
94 0
94 1
94 2
94 3
94 4
94 5
94 6
94 7
94 8
94 10
94 11
94 15
94 17
94 18
94 19
94 20
94 21
94 22
94 23
94 24
94 29
94 33
94 35
94 36
94 37
94 38
94 42
94 44
94 45
94 46
94 47
94 48
94 65
94 69
94 71
94 72
94 77
94 78
94 80
94 82
94 84
94 88
94 89
94 90
94 101
94 103
94 106
94 109
94 110
94 123
94 134
94 152
94 155
95 0
95 2
95 11
96 0
96 1
96 3
96 4
96 6
96 8
96 9
96 10
96 12
96 13
96 16
96 17
96 21
96 22
96 23
96 35
96 36
96 37
96 42
96 44
96 46
96 47
96 48
96 49
96 50
96 51
96 57
96 58
96 61
96 63
96 69
96 73
96 89
96 90
96 92
96 95
96 106
96 129
96 134
96 152
97 0
97 1
97 3
97 4
97 5
97 6
97 8
97 9
97 16
97 25
97 35
97 36
97 37
97 42
97 44
97 47
97 48
97 65
97 69
97 71
97 72
97 77
97 80
97 82
97 89
97 101
97 103
97 106
97 109
97 123
97 152
97 155
98 1
98 4
98 5
98 42
98 88
98 101
98 103
99 1
99 3
99 4
99 14
99 15
99 17
99 36
99 42
99 47
99 101
100 3
100 4
100 5
100 9
100 10
100 11
100 42
100 44
100 47
100 71
100 88
100 123
101 1
101 2
101 3
101 6
101 8
101 10
101 16
101 17
101 21
101 22
101 29
101 39
101 40
101 47
101 52
101 53
101 54
101 58
101 59
101 100
101 106
101 107
101 116
101 134
101 151
102 1
102 3
102 4
102 6
102 8
102 9
102 11
102 12
102 16
102 17
102 18
102 42
102 53
102 58
102 63
102 65
102 72
102 79
102 81
102 82
102 86
102 89
102 95
102 106
102 123
102 134
102 152
103 0
103 1
103 3
103 4
103 5
103 6
103 8
103 9
103 10
103 11
103 12
103 16
103 18
103 27
103 28
103 30
103 35
103 36
103 37
103 42
103 43
103 46
103 47
103 53
103 58
103 76
103 77
103 78
103 79
103 81
103 82
103 86
103 88
103 89
103 95
103 96
103 97
103 106
103 109
103 112
103 123
103 134
103 152
104 1
104 3
104 4
104 5
104 6
104 8
104 9
104 12
104 16
104 17
104 22
104 30
104 35
104 37
104 41
104 42
104 47
104 53
104 55
104 57
104 58
104 71
104 79
104 89
104 95
105 1
105 3
105 4
105 5
105 9
105 12
105 16
105 17
105 18
105 35
105 42
105 47
105 53
105 79
105 88
105 89
105 101
106 1
106 3
106 4
106 9
106 12
106 18
106 22
106 35
106 41
106 42
106 47
106 48
106 50
106 56
106 57
106 58
106 61
106 79
106 88
106 89
106 106
106 123
106 134
107 1
107 3
107 4
107 5
107 6
107 8
107 9
107 12
107 16
107 17
107 18
107 20
107 28
107 38
107 42
107 47
107 57
107 58
107 60
107 65
107 69
107 73
107 79
107 82
107 88
107 89
107 95
107 101
107 103
107 104
107 106
107 125
107 127
108 1
108 3
108 4
108 9
108 12
108 18
108 30
108 39
108 41
108 42
108 43
108 50
108 51
108 55
108 56
108 57
108 58
108 61
108 69
108 89
108 95
108 96
108 104
108 152
109 1
109 3
109 4
109 5
109 9
109 10
109 12
109 17
109 18
109 42
109 88
109 101
109 110
110 0
110 1
110 3
110 4
110 6
110 7
110 8
110 9
110 35
110 36
110 37
110 42
110 46
110 47
110 48
110 53
110 69
110 72
110 77
110 84
110 101
110 152
111 1
111 4
111 6
111 8
111 9
111 35
111 36
111 37
111 42
111 47
111 50
111 51
111 69
111 90
111 101
111 103
112 0
112 3
112 6
112 8
112 9
112 35
112 36
112 39
112 42
112 47
112 53
112 72
112 77
112 80
112 103
112 152
113 0
113 2
113 3
113 4
113 6
113 7
113 9
113 10
113 11
113 13
113 17
113 18
113 33
113 35
113 36
113 37
113 44
113 48
113 53
113 54
113 64
113 69
113 70
113 74
113 78
113 82
113 92
113 104
113 133
113 153
114 3
114 4
114 6
114 8
114 9
114 35
114 36
114 37
114 39
114 42
114 47
114 57
114 72
114 77
114 80
114 89
114 90
114 103
114 109
114 152
115 0
115 1
115 2
115 3
115 4
115 5
115 6
115 7
115 9
115 11
115 13
115 16
115 18
115 35
115 41
115 42
115 44
115 46
115 47
115 48
115 49
115 56
115 57
115 68
115 78
115 82
115 86
115 96
115 101
115 103
115 111
115 133
115 152
116 1
116 3
116 4
116 6
116 8
116 9
116 11
116 16
116 17
116 18
116 36
116 39
116 42
116 47
116 55
116 66
116 82
116 86
116 90
117 1
117 3
117 4
117 9
117 12
117 16
117 42
117 43
117 58
117 69
117 71
117 95
117 96
117 152
118 0
118 1
118 3
118 6
118 8
118 11
118 16
118 17
118 18
118 35
118 47
119 8
119 16
119 47
120 0
120 1
120 2
120 3
120 4
120 6
120 8
120 11
120 16
120 18
120 22
120 35
120 36
120 37
120 42
120 47
120 53
120 86
120 95
120 112
121 0
121 1
121 2
121 3
121 4
121 6
121 8
121 9
121 12
121 16
121 18
121 35
121 36
121 39
121 40
121 42
121 47
121 53
121 58
121 59
121 62
121 63
121 66
121 86
121 89
121 93
121 100
121 101
121 102
121 106
121 109
121 113
121 116
121 117
121 140
122 1
122 3
122 8
122 9
122 16
122 18
122 35
122 39
122 42
122 47
122 54
122 55
122 69
122 89
122 90
122 106
122 109
122 152
123 3
123 4
123 6
123 8
123 11
123 16
123 29
123 35
123 40
123 47
123 53
123 61
124 1
124 3
124 6
124 8
124 9
124 11
124 16
124 17
124 33
124 35
124 47
124 101
125 1
125 9
125 12
125 16
125 36
125 39
125 47
125 55
125 57
125 59
125 73
125 82
125 89
125 106
126 0
126 1
126 2
126 3
126 4
126 5
126 11
126 13
126 17
126 18
126 35
126 42
126 44
126 68
126 81
126 96
126 101
126 111
127 0
127 1
127 2
127 3
127 10
127 11
127 13
127 16
127 18
127 22
127 35
127 44
127 53
127 64
127 82
127 83
127 153
128 0
128 3
128 4
128 5
128 6
128 7
128 9
128 11
128 13
128 16
128 18
128 35
128 38
128 42
128 44
128 47
128 48
128 68
128 69
128 73
128 78
128 92
128 96
128 101
128 152
129 4
129 5
129 6
129 9
129 89
129 127
129 134
129 152
130 1
130 8
130 10
130 19
130 47
130 155
131 1
131 3
131 8
131 9
131 11
131 22
131 35
131 47
131 89
132 0
132 2
132 3
132 5
132 6
132 7
132 10
132 13
132 14
132 18
132 22
132 35
132 36
132 42
132 44
132 47
132 48
132 61
132 92
132 114
132 134
132 152
133 2
133 4
133 18
133 44
133 96
133 103
134 2
134 10
134 11
134 13
134 153
135 0
135 2
135 3
135 4
135 13
135 33
135 44
135 65
135 96
135 101
136 0
136 1
136 2
136 4
136 5
136 10
136 11
136 13
136 18
136 20
136 38
136 42
136 44
136 47
136 56
136 65
136 68
136 88
136 96
136 101
136 103
137 1
137 3
137 4
137 5
137 17
137 20
137 29
137 35
137 36
137 42
137 47
138 0
138 1
138 2
138 3
138 4
138 5
138 6
138 7
138 10
138 11
138 17
138 18
138 19
138 20
138 21
138 22
138 23
138 29
138 35
138 36
138 38
138 44
138 45
138 46
138 47
138 48
138 69
138 88
138 106
138 152
139 0
139 1
139 2
139 3
139 4
139 5
139 6
139 7
139 10
139 11
139 15
139 16
139 17
139 18
139 19
139 20
139 22
139 23
139 24
139 29
139 33
139 35
139 36
139 37
139 42
139 44
139 45
139 46
139 47
139 48
139 69
139 71
139 77
139 80
139 82
139 84
139 88
139 101
139 103
139 106
139 110
139 152
140 0
140 1
140 2
140 3
140 4
140 5
140 6
140 7
140 8
140 9
140 10
140 11
140 13
140 16
140 17
140 18
140 19
140 20
140 21
140 23
140 29
140 35
140 36
140 38
140 42
140 43
140 44
140 47
140 48
140 57
140 70
140 88
140 101
140 103
140 106
140 110
140 152
141 0
141 1
141 3
141 4
141 6
141 11
141 14
141 17
141 18
141 53
141 68
142 0
142 1
142 3
142 4
142 6
142 14
142 16
142 18
142 35
142 36
142 37
142 44
142 47
142 48
142 68
142 92
143 0
143 1
143 2
143 3
143 6
143 8
143 10
143 11
143 13
143 14
143 16
143 17
143 18
143 21
143 33
143 35
143 36
143 44
143 47
143 48
143 56
143 68
143 79
143 106
144 0
144 1
144 2
144 4
144 10
144 11
144 14
144 18
144 42
144 44
144 68
144 123
145 1
145 5
145 101
146 1
146 3
146 4
146 5
146 6
146 9
146 10
146 18
146 23
146 29
146 42
146 46
146 53
146 71
146 88
146 101
146 103
146 110
147 1
147 4
147 5
147 6
147 8
147 10
147 35
147 36
147 42
147 47
147 69
147 89
147 101
147 152
148 0
148 1
148 4
148 9
148 10
148 13
148 14
148 44
149 0
149 2
149 4
149 9
149 11
149 13
149 18
149 30
149 37
149 42
149 44
149 59
149 68
150 0
150 3
150 4
150 13
150 37
150 44
150 46
150 68
151 0
151 1
151 3
151 4
151 5
151 6
151 35
151 42
151 46
151 47
151 71
151 79
151 88
152 1
152 2
152 3
152 4
152 5
152 6
152 9
152 10
152 17
152 18
152 21
152 32
152 35
152 42
152 47
152 53
152 88
152 89
152 101
152 103
152 104
152 105
152 110
153 1
153 3
153 4
153 5
153 6
153 9
153 18
153 21
153 29
153 35
153 37
153 41
153 42
153 47
153 53
153 65
153 88
153 101
153 103
153 106
153 134
153 152
153 155
154 3
154 4
154 8
154 47
155 1
155 2
155 3
155 4
155 5
155 6
155 7
155 8
155 9
155 10
155 11
155 12
155 13
155 14
155 16
155 17
155 18
155 19
155 20
155 21
155 22
155 23
155 25
155 29
155 33
155 35
155 36
155 39
155 40
155 41
155 42
155 44
155 46
155 47
155 52
155 53
155 58
155 59
155 60
155 68
155 69
155 70
155 72
155 80
155 82
155 84
155 96
155 101
155 102
155 105
155 106
155 107
155 108
155 109
155 128
155 134
155 152
156 1
156 2
156 3
156 4
156 5
156 6
156 8
156 10
156 11
156 14
156 16
156 17
156 18
156 20
156 21
156 22
156 23
156 25
156 28
156 29
156 32
156 35
156 36
156 37
156 38
156 40
156 42
156 46
156 47
156 48
156 53
156 60
156 61
156 65
156 76
156 77
156 79
156 82
156 90
156 95
156 101
156 102
156 103
156 105
156 128
156 129
157 0
157 1
157 2
157 3
157 5
157 6
157 10
157 11
157 15
157 16
157 17
157 18
157 19
157 20
157 23
157 29
157 35
157 38
157 45
157 46
157 47
157 48
157 70
157 82
157 84
157 103
157 104
157 106
157 110
158 12
158 36
158 37
158 42
158 47
158 51
158 104
158 132
158 134
158 140
159 36
159 37
159 42
159 47
159 48
159 116
160 1
160 3
160 4
160 8
160 9
160 17
160 35
160 42
160 47
160 79
160 88
160 89
160 97
160 101
160 103
160 104
160 106
161 3
161 9
161 42
161 47
162 35
162 39
162 42
162 47
162 48
162 51
162 59
162 66
162 89
162 113
162 117
162 122
162 134
163 8
163 47
164 1
164 3
164 4
164 8
164 9
164 16
164 35
164 36
164 42
164 47
164 86
164 89
164 97
164 101
164 134
165 1
165 3
165 4
165 9
165 35
165 42
165 56
165 58
165 88
165 89
165 127
166 1
166 3
166 4
166 9
166 42
166 58
166 88
166 89
166 92
166 95
167 0
167 1
167 3
167 4
167 6
167 8
167 9
167 10
167 12
167 13
167 16
167 17
167 35
167 42
167 47
167 48
167 51
167 53
167 69
167 72
167 80
167 101
167 104
167 106
167 134
167 152
168 3
168 4
168 8
168 9
168 18
168 42
168 47
168 73
168 103
169 3
169 4
169 8
169 9
169 41
169 42
169 47
170 1
170 3
170 4
170 5
170 9
170 10
170 18
170 19
170 42
170 45
170 47
170 79
170 88
170 89
170 95
170 101
170 103
170 123
170 134
171 4
171 5
171 6
171 9
171 42
171 81
171 89
172 3
172 4
172 5
172 6
172 9
172 10
172 42
172 47
172 69
172 88
172 89
172 95
172 101
172 123
172 152
173 0
173 1
173 4
173 6
173 9
173 18
173 35
173 42
173 47
173 79
173 81
173 84
173 88
173 89
173 101
173 152
174 1
174 4
174 5
174 6
174 16
174 17
174 18
174 28
174 36
174 47
174 68
174 76
174 77
174 82
174 95
175 1
175 3
175 4
175 8
175 9
175 35
175 42
175 95
175 120
175 152
176 1
176 3
176 8
176 9
176 10
176 12
176 16
176 23
176 42
176 47
176 61
176 69
176 79
176 86
177 0
177 2
177 3
177 4
177 6
177 7
177 9
177 10
177 11
177 13
177 16
177 18
177 22
177 25
177 36
177 37
177 42
177 44
177 46
177 47
177 68
177 81
177 88
177 91
177 96
177 101
177 103
177 111
178 0
178 1
178 2
178 4
178 5
178 6
178 9
178 13
178 16
178 17
178 18
178 19
178 29
178 35
178 42
178 44
178 47
178 48
178 53
178 65
178 68
178 72
178 88
178 89
178 95
178 96
178 101
178 103
178 104
178 106
178 109
178 110
178 123
178 152
179 1
179 3
179 9
179 16
179 18
179 36
180 1
180 10
180 18
180 23
180 36
180 46
180 47
181 1
181 2
181 11
181 17
181 18
181 30
181 36
181 64
181 76
182 0
182 1
182 2
182 3
182 4
182 5
182 6
182 9
182 18
182 35
182 42
182 44
182 47
182 68
182 70
182 88
182 92
182 95
182 96
182 101
182 103
182 106
182 109
182 110
183 0
183 1
183 2
183 3
183 6
183 11
183 13
183 18
183 21
183 32
183 44
183 48
183 64
183 125
183 153
184 1
184 3
184 6
184 10
184 12
184 16
184 17
184 22
184 35
184 41
184 53
185 1
185 3
185 5
185 6
185 10
185 16
185 17
185 18
185 19
185 20
185 23
185 25
185 70
185 105
185 152
186 0
186 2
186 4
186 5
186 7
186 10
186 11
186 17
186 18
186 42
186 44
186 64
186 68
186 92
186 96
186 106
186 111
186 153
187 0
187 1
187 2
187 4
187 5
187 7
187 10
187 11
187 18
187 30
187 35
187 42
187 44
187 68
187 82
187 88
187 92
187 96
187 101
187 106
187 153
188 1
188 10
188 35
188 47
189 3
189 47
189 67
190 0
190 1
190 2
190 3
190 4
190 5
190 6
190 15
190 19
190 20
190 35
190 36
190 37
190 46
190 47
190 48
190 69
190 84
190 88
190 96
190 101
190 152
191 0
191 1
191 2
191 5
191 6
191 10
191 15
191 18
191 19
191 29
191 35
191 37
191 47
191 68
191 70
191 77
191 101
191 110
192 1
192 4
192 9
192 16
192 42
192 43
192 47
192 51
192 57
192 71
192 82
192 89
192 90
192 120
192 123
192 127
193 0
193 1
193 2
193 3
193 4
193 5
193 6
193 9
193 11
193 18
193 35
193 42
193 44
193 47
193 65
193 68
193 70
193 88
193 89
193 96
193 101
193 103
193 106
193 123
194 1
194 3
194 4
194 6
194 8
194 9
194 11
194 12
194 16
194 18
194 22
194 29
194 30
194 34
194 35
194 36
194 37
194 39
194 42
194 43
194 44
194 46
194 47
194 48
194 51
194 53
194 57
194 58
194 59
194 61
194 66
194 68
194 69
194 73
194 79
194 82
194 88
194 89
194 90
194 93
194 95
194 96
194 98
194 100
194 101
194 102
194 104
194 106
194 107
194 109
194 113
194 115
194 117
194 118
194 121
194 129
194 134
194 140
194 141
194 142
194 152
194 156
194 158
195 1
195 3
195 4
195 8
195 9
195 11
195 12
195 16
195 22
195 30
195 36
195 37
195 40
195 42
195 43
195 46
195 47
195 58
195 62
195 69
195 73
195 89
195 93
195 95
195 99
195 100
195 101
195 102
195 104
195 106
195 108
195 109
195 113
195 115
195 116
195 119
195 128
195 130
195 141
195 149
195 155
195 159
196 0
196 1
196 3
196 4
196 6
196 8
196 9
196 17
196 42
196 43
196 47
196 69
196 79
196 88
196 89
196 101
196 103
196 106
196 134
196 152
197 1
197 4
197 8
197 9
197 10
197 12
197 42
197 47
197 56
197 57
197 61
197 73
197 89
197 106
197 123
197 134
198 1
198 9
198 16
198 42
198 53
198 61
198 95
198 101
199 42
199 53
199 58
199 71
200 9
200 40
200 41
200 42
200 47
200 58
200 134
201 3
201 42
201 47
202 4
202 40
202 58
203 4
203 69
204 1
204 4
204 22
204 42
204 47
204 71
204 100
204 106
205 3
205 8
205 22
205 47
205 69
205 77
205 80
206 1
206 3
206 4
206 6
206 8
206 9
206 16
206 17
206 35
206 36
206 41
206 42
206 46
206 47
206 48
206 53
206 68
206 69
206 71
206 73
206 80
206 93
206 95
206 96
206 100
206 101
206 102
206 104
206 106
206 123
207 3
207 6
207 8
207 35
207 47
207 95
208 1
208 3
208 4
208 9
208 12
208 41
208 42
208 47
208 57
208 58
208 62
208 73
208 115
208 116
208 120
208 152
209 1
209 9
209 16
209 42
209 47
209 51
209 73
209 77
209 91
209 97
209 134
210 6
210 8
210 80
211 0
211 4
211 11
211 44
211 68
212 3
212 4
212 6
212 8
212 9
212 12
212 35
212 36
212 37
212 42
212 51
212 69
212 72
212 88
212 95
212 106
212 123
212 134
212 152
213 1
213 3
213 4
213 8
213 9
213 10
213 19
213 42
213 79
213 101
214 1
214 3
214 4
214 42
214 47
214 51
214 69
214 88
214 89
214 95
214 104
214 106
214 152
215 1
215 4
215 6
215 9
215 57
215 106
216 1
216 3
216 4
216 8
216 9
216 10
216 11
216 16
216 17
216 20
216 21
216 22
216 35
216 47
216 61
216 68
216 93
216 134
216 152
217 6
217 8
217 22
217 35
217 36
217 37
217 47
217 101
218 1
218 3
218 4
218 9
218 16
218 39
218 42
218 43
218 47
218 51
218 57
218 58
218 79
218 97
218 106
218 115
218 121
218 140
219 47
219 58
219 154
220 1
220 3
220 4
220 9
220 16
220 35
220 39
220 40
220 42
220 46
220 47
220 57
220 58
220 89
220 93
220 95
220 96
220 98
220 101
220 106
220 107
220 109
220 113
220 115
220 118
220 130
220 134
220 145
221 1
221 3
221 4
221 9
221 16
221 39
221 40
221 42
221 43
221 47
221 58
221 62
221 89
221 95
221 96
221 98
221 99
221 106
221 108
221 113
221 118
221 134
221 152
222 3
222 5
222 16
222 17
222 46
222 47
222 80
222 152
223 1
223 3
223 9
223 12
223 42
223 59
223 74
223 106
224 9
224 62
224 139
225 3
225 9
225 39
225 40
225 62
225 67
225 69
225 140
226 9
226 39
226 47
226 59
226 66
226 67
226 140
227 1
227 3
227 4
227 9
227 11
227 33
227 42
227 43
227 47
227 58
227 81
227 82
227 88
227 89
227 101
227 106
227 109
228 42
228 81
229 4
229 5
229 18
229 19
229 20
229 22
229 36
229 47
229 69
230 1
230 3
230 4
230 6
230 9
230 10
230 12
230 13
230 15
230 18
230 22
230 25
230 32
230 35
230 36
230 37
230 42
230 46
230 47
230 51
230 57
230 58
230 72
230 78
230 79
230 81
230 88
230 89
230 90
230 95
230 97
230 101
230 106
230 118
230 120
230 123
230 127
230 134
230 152
231 1
231 3
231 35
231 42
231 47
231 93
231 100
231 134
232 1
232 3
232 4
232 6
232 8
232 9
232 36
232 42
232 47
232 69
232 71
232 72
232 80
232 89
232 93
232 134
232 152
233 1
233 5
233 10
233 88
234 1
234 3
234 4
234 6
234 9
234 12
234 35
234 42
235 1
235 5
235 6
235 10
235 15
235 17
235 19
235 24
235 29
235 46
235 77
235 152
236 4
236 8
236 9
236 10
236 42
236 47
236 48
236 57
236 88
236 97
236 152
237 7
237 11
237 13
238 4
238 8
238 9
238 42
239 0
240 1
240 10
241 6
241 9
241 42
241 79
242 1
242 20
243 4
243 5
243 42
244 3
244 9
244 40
244 47
244 57
244 62
244 75
244 102
244 106
244 108
244 113
245 1
245 3
245 8
245 9
245 10
245 12
245 39
245 47
245 49
245 59
245 61
245 66
245 85
245 95
245 106
245 107
245 113
245 115
246 0
246 1
246 3
246 6
246 7
246 8
246 9
246 11
246 16
246 18
246 35
246 36
246 37
246 42
246 44
246 46
246 47
246 48
246 56
246 60
246 68
246 77
246 78
246 86
246 87
246 89
246 90
246 93
246 95
246 96
246 103
247 1
247 9
247 12
247 47
247 71
247 88
247 102
247 109
248 9
248 42
248 91
248 95
248 102
248 109
249 4
249 8
249 9
249 10
249 42
250 1
250 4
250 9
250 42
251 1
251 3
251 8
251 9
251 47
252 4
252 6
252 16
252 36
252 46
252 47
252 89
253 1
253 16
253 22
253 42
253 47
253 57
253 112
254 5
254 8
254 9
254 10
254 12
254 16
254 22
254 42
254 58
254 69
254 89
254 93
254 152
255 3
255 4
255 9
255 12
255 18
255 37
255 39
255 40
255 41
255 42
255 47
255 58
255 59
255 60
255 61
255 62
255 63
255 66
256 5
256 16
256 40
256 58
256 152
257 1
257 4
257 5
257 8
257 9
257 10
257 35
257 42
257 47
257 48
257 49
257 58
257 70
257 74
257 88
257 89
257 101
257 103
258 1
258 4
258 8
258 9
258 12
258 18
258 22
258 24
258 42
258 47
258 69
258 79
258 101
258 103
259 0
259 3
259 4
259 6
259 11
259 13
259 35
259 44
259 48
259 54
259 56
259 68
259 78
259 103
259 109
259 125
259 134
259 153
260 36
260 42
260 47
260 109
261 9
261 40
261 42
261 62
261 89
261 113
261 116
261 130
262 9
262 42
262 47
262 61
263 12
263 66
263 134
264 4
264 12
264 39
264 42
264 59
264 66
264 113
264 117
264 134
264 141
265 9
265 40
266 93
267 4
267 9
267 42
268 1
268 3
268 4
268 6
268 8
268 35
268 36
268 37
268 41
268 42
268 47
268 51
268 57
268 58
268 71
268 72
268 80
268 84
268 89
268 95
268 96
268 101
268 102
268 103
268 134
268 152
269 4
269 9
269 40
269 42
269 47
269 57
269 59
269 79
269 89
269 95
269 96
269 100
269 102
269 106
269 107
269 113
269 117
269 118
269 121
269 134
270 8
270 69
270 72
270 80
270 95
271 4
271 8
271 47
271 58
271 60
271 101
272 16
272 47
272 93
272 95
272 113
272 156
273 3
273 4
273 9
273 42
273 47
273 50
273 62
273 89
273 95
273 100
273 102
273 108
273 130
273 134
274 4
274 12
274 16
274 42
274 47
275 3
275 4
275 51
275 58
275 95
275 102
275 134
275 152
276 3
276 4
276 8
276 35
276 36
276 42
276 46
276 47
276 51
276 61
276 71
276 95
277 3
277 4
277 6
277 8
277 9
277 35
277 36
277 37
277 42
277 46
277 47
277 48
277 51
277 57
277 71
277 89
277 95
277 96
277 103
277 118
277 134
277 152
278 4
278 39
278 47
278 89
278 96
278 102
279 3
279 4
279 42
279 47
279 89
279 96
280 3
280 4
280 8
280 35
280 39
280 46
280 47
280 71
280 82
280 95
280 100
281 4
281 12
281 16
281 39
281 40
281 42
281 46
281 102
281 113
281 116
281 141
282 3
282 4
282 6
282 8
282 35
282 36
282 47
282 95
282 106
282 128
282 152
283 4
283 6
283 8
283 12
283 41
283 47
283 49
283 60
283 73
283 95
283 100
283 102
283 106
283 152
284 1
284 3
284 4
284 12
284 35
284 37
284 42
284 46
284 58
284 95
284 102
284 109
284 127
284 134
284 152
285 1
285 8
285 35
285 46
285 47
285 95
285 152
286 42
286 47
286 59
286 95
286 96
286 100
286 102
286 138
287 4
287 8
287 16
287 42
287 46
287 47
287 55
287 74
287 82
287 100
287 102
287 134
288 36
288 66
289 36
289 67
290 47
291 5
291 6
291 7
291 17
291 18
291 20
291 101
292 1
292 39
292 42
292 59
292 63
293 4
293 8
293 42
293 50
293 51
293 118
294 4
294 9
294 12
294 39
294 58
294 69
294 89
294 120
295 47
296 1
296 5
296 10
296 23
296 29
296 35
296 47
296 95
296 110
296 152
297 1
297 3
297 8
297 10
297 15
297 20
297 29
297 38
297 42
297 47
297 106
297 110
298 4
298 5
298 9
298 42
298 89
298 110
299 5
299 103
300 9
300 96
301 4
301 5
301 47
301 101
301 106
302 1
302 9
302 42
302 57
302 58
302 96
303 1
304 42
305 3
305 6
305 16
305 35
306 1
306 3
306 4
306 6
306 8
306 9
306 16
306 17
306 35
306 36
306 37
306 42
306 47
306 48
306 53
306 68
306 77
306 82
306 86
306 95
306 101
306 109
306 112
307 4
307 8
307 42
307 47
307 89
307 90
307 97
307 101
308 1
308 3
308 4
308 9
308 12
308 41
308 42
308 57
308 58
308 69
308 71
308 89
308 95
308 104
308 108
308 152
309 1
309 6
309 8
309 16
309 35
309 42
309 47
309 52
309 57
309 76
309 86
309 112
309 134
310 1
310 8
310 9
310 10
310 16
310 37
310 39
310 42
310 47
310 49
310 50
310 51
310 55
310 61
310 71
310 82
310 97
310 112
311 16
311 90
312 13
312 16
312 17
312 42
312 57
312 98
313 0
313 1
313 3
313 4
313 5
313 6
313 9
313 10
313 12
313 18
313 21
313 30
313 32
313 36
313 42
313 47
313 48
313 51
313 64
313 69
313 78
313 81
313 88
313 101
313 103
313 104
313 106
313 118
313 125
313 134
313 152
314 42
314 57
314 58
315 1
315 16
315 47
316 0
316 1
316 2
316 3
316 5
316 6
316 7
316 8
316 13
316 17
316 24
316 32
316 35
316 37
316 39
316 40
316 41
316 42
316 44
316 47
316 52
316 59
316 62
316 65
316 69
316 70
316 77
316 85
316 88
316 106
316 107
316 109
316 110
316 113
316 115
316 142
317 3
317 6
317 15
317 19
317 20
317 28
317 29
317 35
317 36
317 37
317 46
317 48
317 80
317 101
317 152
318 3
318 4
318 6
318 15
318 17
318 20
318 23
318 24
318 37
318 45
318 47
318 82
318 88
318 95
318 101
318 103
318 109
318 152
319 5
319 6
319 15
319 17
319 19
319 35
319 36
319 47
319 77
319 90
320 1
320 4
320 5
320 6
320 10
320 15
320 17
320 20
320 29
320 35
320 37
320 44
320 82
320 84
320 101
321 1
321 5
321 6
321 18
321 24
321 42
321 88
321 101
321 110
322 5
322 10
322 101
323 1
323 2
323 18
324 16
324 42
325 6
325 17
325 29
325 42
325 69
326 0
326 4
326 11
326 42
326 68
326 96
326 126
327 47
327 52
328 0
328 15
328 23
328 104
328 106
328 155
329 1
329 2
329 3
329 4
329 9
329 12
329 39
329 40
329 42
329 47
329 58
329 59
329 66
329 85
329 95
329 106
329 116
329 132
329 134
330 1
330 3
330 4
330 39
330 42
330 47
330 57
330 58
330 95
330 115
330 116
330 134
331 3
331 4
331 9
331 42
331 47
331 58
331 69
331 77
331 89
331 134
332 1
332 42
332 84
332 101
333 1
333 16
333 42
333 53
333 82
333 106
334 1
334 8
334 9
334 42
334 47
334 53
334 58
334 90
334 101
334 120
335 42
335 104
336 1
336 9
336 16
336 18
337 12
337 16
337 47
337 101
338 8
338 9
338 39
338 40
338 42
338 47
338 59
338 89
338 93
338 113
338 134
338 150
339 8
339 9
339 35
339 39
339 40
339 42
339 47
339 59
339 62
339 89
339 93
339 99
339 104
339 113
339 116
339 134
339 149
339 155
340 3
340 4
340 9
340 39
340 40
340 42
340 47
340 93
340 130
341 3
341 4
341 9
341 39
341 42
341 47
341 58
341 59
341 67
341 95
341 134
342 1
342 3
342 4
342 6
342 8
342 11
342 12
342 16
342 17
342 39
342 41
342 42
342 47
342 58
342 59
342 62
342 66
342 67
342 88
342 89
342 95
342 100
342 102
342 113
342 120
342 130
342 142
343 3
343 8
343 9
343 42
343 58
343 71
343 95
344 1
344 3
344 8
344 9
344 10
344 12
344 16
344 18
344 36
344 39
344 40
344 41
344 42
344 47
344 51
344 52
344 53
344 55
344 59
344 60
344 61
344 62
344 69
344 71
344 79
344 90
344 93
344 95
344 96
344 103
344 106
344 107
344 110
344 115
344 116
344 123
344 134
344 145
344 147
344 150
345 1
345 3
345 5
345 42
345 82
345 114
346 0
346 1
346 2
346 4
346 5
346 18
346 35
346 77
346 82
347 1
347 3
347 4
347 8
347 9
347 16
347 39
347 42
347 47
347 48
347 57
347 66
347 71
347 89
347 93
347 95
347 103
348 4
348 6
348 12
348 42
349 42
350 1
350 4
350 42
350 103
350 109
351 1
351 2
351 4
351 5
351 9
351 10
351 35
351 38
351 42
351 69
351 71
351 88
351 101
351 103
352 4
352 10
352 42
352 103
353 1
353 4
353 42
353 88
353 103
354 1
354 3
354 4
354 10
354 35
354 42
354 88
354 95
354 103
354 134
355 4
355 10
355 42
355 103
356 0
356 1
356 2
356 4
356 5
356 9
356 18
356 35
356 42
356 44
356 68
356 82
356 92
356 101
356 103
356 111
357 1
357 8
357 9
357 62
357 95
357 119
358 8
358 9
358 47
358 95
358 121
359 8
359 9
359 40
360 4
360 9
360 47
360 101
360 103
360 104
361 4
361 6
361 42
361 47
361 103
362 8
362 9
362 47
362 55
362 57
362 77
362 90
362 106
362 112
362 134
363 1
363 3
363 42
363 73
364 40
364 62
364 67
364 82
364 100
364 102
364 113
364 115
364 116
364 134
365 1
365 4
365 8
365 9
365 16
365 53
365 69
365 97
365 143
366 0
366 1
366 2
366 3
366 7
366 11
366 42
366 44
366 78
367 0
367 2
367 11
367 13
368 1
368 42
368 44
368 47
368 71
368 101
368 134
369 1
369 4
369 42
369 47
369 106
369 123
370 8
370 9
371 0
371 3
371 4
371 12
371 18
371 42
371 44
371 58
371 101
371 103
371 106
371 111
372 1
372 47
372 89
372 101
373 1
373 3
373 4
373 8
373 9
373 20
373 35
373 42
373 47
373 101
373 106
373 127
374 4
374 6
374 8
374 9
374 12
374 42
374 43
374 47
374 69
374 101
374 134
374 152
375 3
375 4
375 9
375 42
375 43
376 4
376 5
376 44
377 1
377 3
377 4
377 8
377 42
377 47
377 101
377 103
377 125
378 3
378 4
378 9
378 42
378 69
378 95
378 152
379 3
379 4
379 9
379 42
379 73
379 95
379 106
379 109
379 134
380 8
380 9
380 12
381 1
381 8
381 16
381 35
381 53
381 71
381 82
382 4
382 18
382 42
382 103
383 29
383 35
383 152
384 7
384 11
384 113
385 1
385 3
385 4
385 5
385 6
385 7
385 9
385 13
385 17
385 18
385 29
385 35
385 36
385 42
385 47
385 51
385 68
385 69
385 73
385 81
385 82
385 88
385 89
385 95
385 101
385 103
385 106
385 123
385 134
385 152
386 1
386 3
386 4
386 5
386 9
386 22
386 23
386 25
386 28
386 29
386 36
386 42
386 43
386 47
386 50
386 57
386 58
386 60
386 73
386 79
386 88
386 89
386 95
386 103
386 106
386 152
387 1
387 4
387 11
387 18
387 25
387 42
387 47
387 73
387 101
387 103
387 120
387 152
388 3
388 9
388 95
389 4
389 8
389 34
389 42
389 46
389 47
389 57
389 93
389 132
390 9
391 4
391 8
392 9
392 46
392 101
393 13
393 64
393 68
394 9
394 12
394 39
394 42
394 58
394 66
394 134
395 9
395 42
395 47
395 67
396 4
396 69
397 4
397 50
398 8
398 36
398 62
398 113
399 8
399 36
399 59
399 113
400 3
400 36
400 46
401 58
402 0
402 44
403 1
403 4
403 8
403 9
403 35
403 47
404 3
404 39
404 58
404 63
404 73
404 102
404 113
404 129
404 134
405 1
405 4
405 8
405 9
405 35
405 42
406 3
406 42
406 59
407 3
407 42
408 1
408 4
408 6
408 9
408 16
408 25
408 35
408 42
408 47
408 96
408 109
408 120
408 134
408 152
409 0
409 3
409 44
409 47
410 3
410 9
410 42
410 47
411 3
412 8
412 9
412 42
412 47
413 3
413 9
413 11
413 42
413 47
414 3
414 9
414 42
414 47
415 4
415 9
415 42
416 1
416 3
416 4
416 9
416 12
416 41
416 51
416 58
416 60
416 62
416 63
416 66
416 67
416 95
416 100
416 102
416 132
416 134
417 3
418 1
419 3
419 5
419 6
419 8
419 35
419 42
419 46
419 74
419 77
419 78
419 80
420 1
420 3
420 4
420 6
420 8
420 9
420 12
420 32
420 35
420 36
420 37
420 42
420 46
420 47
420 49
420 51
420 57
420 77
420 80
420 101
420 103
420 106
420 152
421 1
421 3
421 4
421 6
421 8
421 9
421 35
421 36
421 37
421 42
421 45
421 47
421 69
421 72
421 77
421 80
421 89
421 103
421 106
421 152
421 155
422 3
422 6
422 47
422 95
422 152
423 6
423 42
423 47
423 155
424 4
424 9
424 42
424 69
424 80
425 4
425 9
425 12
425 42
425 47
425 101
425 103
426 42
427 8
428 5
428 9
428 79
429 4
429 9
429 89
429 103
430 1
430 4
431 4
431 5
431 18
431 101
431 103
431 110
432 4
432 5
432 6
432 17
432 101
432 103
432 110
433 4
433 9
433 106
434 4
434 9
434 42
435 42
436 4
436 9
436 42
437 3
437 9
437 36
437 42
437 106
437 152
438 1
438 3
438 4
438 5
438 8
438 9
438 10
438 12
438 16
438 20
438 39
438 42
438 47
438 61
438 69
438 74
438 89
438 90
438 101
438 106
439 42
440 9
441 40
442 134
