161 272 443
0 0
0 1
0 2
0 3
0 4
0 5
0 6
0 7
0 8
0 9
0 10
0 11
0 13
0 14
0 15
0 16
0 17
0 21
0 22
0 23
0 25
0 26
0 27
0 28
0 32
0 34
0 35
0 36
0 37
0 38
0 39
0 41
0 42
0 43
0 44
0 46
0 47
0 49
0 50
0 52
0 53
0 54
0 56
0 57
0 60
0 61
0 62
0 63
0 64
0 66
0 68
0 69
0 71
0 72
0 73
0 74
0 79
0 80
0 82
0 85
0 87
0 89
0 90
0 92
0 93
0 94
0 95
0 96
0 97
0 103
0 110
0 112
0 113
0 115
0 118
0 120
0 121
0 126
0 127
0 128
0 132
0 135
0 136
0 138
0 139
0 140
0 141
0 142
0 143
0 144
0 148
0 149
0 150
0 151
0 157
0 167
0 173
0 177
0 178
0 182
0 183
0 186
0 187
0 190
0 191
0 193
0 196
0 211
0 239
0 246
0 259
0 313
0 316
0 326
0 328
0 346
0 356
0 366
0 367
0 371
0 402
0 409
1 0
1 1
1 2
1 3
1 4
1 5
1 6
1 7
1 8
1 9
1 10
1 11
1 12
1 13
1 14
1 15
1 16
1 17
1 18
1 19
1 20
1 21
1 22
1 23
1 24
1 25
1 26
1 27
1 28
1 29
1 30
1 31
1 32
1 33
1 34
1 35
1 36
1 37
1 38
1 39
1 40
1 41
1 42
1 43
1 44
1 45
1 46
1 47
1 48
1 49
1 50
1 51
1 52
1 53
1 54
1 55
1 56
1 57
1 58
1 59
1 60
1 61
1 62
1 63
1 64
1 65
1 66
1 67
1 68
1 69
1 70
1 71
1 72
1 73
1 74
1 75
1 76
1 77
1 78
1 79
1 80
1 81
1 82
1 84
1 85
1 86
1 89
1 90
1 91
1 92
1 93
1 94
1 96
1 97
1 98
1 99
1 101
1 102
1 103
1 104
1 105
1 106
1 107
1 108
1 109
1 110
1 111
1 115
1 116
1 117
1 118
1 120
1 121
1 122
1 124
1 125
1 126
1 127
1 130
1 131
1 136
1 137
1 138
1 139
1 140
1 141
1 142
1 143
1 144
1 145
1 146
1 147
1 148
1 151
1 152
1 153
1 155
1 156
1 157
1 160
1 164
1 165
1 166
1 167
1 170
1 173
1 174
1 175
1 176
1 178
1 179
1 180
1 181
1 182
1 183
1 184
1 185
1 187
1 188
1 190
1 191
1 192
1 193
1 194
1 195
1 196
1 197
1 198
1 204
1 206
1 208
1 209
1 213
1 214
1 215
1 216
1 218
1 220
1 221
1 223
1 227
1 230
1 231
1 232
1 233
1 234
1 235
1 240
1 242
1 245
1 246
1 247
1 250
1 251
1 253
1 257
1 258
1 268
1 284
1 285
1 292
1 296
1 297
1 302
1 303
1 306
1 308
1 309
1 310
1 313
1 315
1 316
1 320
1 321
1 323
1 329
1 330
1 332
1 333
1 334
1 336
1 342
1 344
1 345
1 346
1 347
1 350
1 351
1 353
1 354
1 356
1 357
1 363
1 365
1 366
1 368
1 369
1 372
1 373
1 377
1 381
1 385
1 386
1 387
1 403
1 405
1 408
1 416
1 418
1 420
1 421
1 430
1 438
2 0
2 1
2 2
2 4
2 5
2 6
2 7
2 8
2 9
2 10
2 11
2 13
2 14
2 15
2 16
2 17
2 23
2 25
2 26
2 27
2 28
2 30
2 32
2 34
2 35
2 36
2 37
2 38
2 39
2 42
2 43
2 44
2 45
2 46
2 48
2 49
2 50
2 51
2 52
2 53
2 54
2 56
2 60
2 61
2 62
2 63
2 69
2 70
2 71
2 73
2 78
2 80
2 85
2 92
2 93
2 94
2 95
2 101
2 113
2 115
2 120
2 121
2 126
2 127
2 132
2 133
2 134
2 135
2 136
2 138
2 139
2 140
2 143
2 144
2 149
2 152
2 155
2 156
2 157
2 177
2 178
2 181
2 182
2 183
2 186
2 187
2 190
2 191
2 193
2 316
2 323
2 329
2 346
2 351
2 356
2 366
2 367
3 0
3 1
3 2
3 3
3 4
3 5
3 6
3 8
3 9
3 10
3 11
3 12
3 13
3 14
3 15
3 16
3 17
3 18
3 19
3 20
3 21
3 22
3 23
3 24
3 25
3 26
3 27
3 28
3 29
3 30
3 31
3 32
3 33
3 34
3 35
3 36
3 37
3 38
3 39
3 40
3 41
3 42
3 43
3 44
3 45
3 46
3 47
3 48
3 50
3 51
3 52
3 53
3 54
3 55
3 56
3 58
3 60
3 61
3 62
3 63
3 65
3 66
3 68
3 69
3 70
3 71
3 73
3 74
3 75
3 76
3 77
3 78
3 79
3 80
3 81
3 82
3 83
3 85
3 86
3 87
3 88
3 89
3 90
3 91
3 92
3 93
3 94
3 96
3 97
3 99
3 100
3 101
3 102
3 103
3 104
3 105
3 106
3 107
3 108
3 109
3 110
3 112
3 113
3 114
3 115
3 116
3 117
3 118
3 120
3 121
3 122
3 123
3 124
3 126
3 127
3 128
3 131
3 132
3 135
3 137
3 138
3 139
3 140
3 141
3 142
3 143
3 146
3 150
3 151
3 152
3 153
3 154
3 155
3 156
3 157
3 160
3 161
3 164
3 165
3 166
3 167
3 168
3 169
3 170
3 172
3 175
3 176
3 177
3 179
3 182
3 183
3 184
3 185
3 189
3 190
3 193
3 194
3 195
3 196
3 201
3 205
3 206
3 207
3 208
3 212
3 213
3 214
3 216
3 218
3 220
3 221
3 222
3 223
3 225
3 227
3 230
3 231
3 232
3 234
3 244
3 245
3 246
3 251
3 255
3 259
3 268
3 273
3 275
3 276
3 277
3 279
3 280
3 282
3 284
3 297
3 305
3 306
3 308
3 313
3 316
3 317
3 318
3 329
3 330
3 331
3 340
3 341
3 342
3 343
3 344
3 345
3 347
3 354
3 363
3 366
3 371
3 373
3 375
3 377
3 378
3 379
3 385
3 386
3 388
3 400
3 404
3 406
3 407
3 409
3 410
3 411
3 413
3 414
3 416
3 417
3 419
3 420
3 421
3 422
3 437
3 438
4 0
4 1
4 2
4 3
4 4
4 5
4 6
4 7
4 8
4 10
4 11
4 12
4 13
4 14
4 15
4 16
4 17
4 18
4 19
4 20
4 21
4 22
4 23
4 24
4 25
4 26
4 27
4 28
4 29
4 30
4 31
4 32
4 33
4 34
4 35
4 36
4 37
4 38
4 39
4 40
4 41
4 42
4 43
4 44
4 45
4 46
4 47
4 48
4 50
4 51
4 52
4 53
4 54
4 55
4 56
4 58
4 60
4 61
4 62
4 63
4 64
4 65
4 66
4 68
4 69
4 70
4 71
4 73
4 74
4 75
4 76
4 77
4 78
4 79
4 80
4 81
4 82
4 83
4 84
4 85
4 86
4 87
4 88
4 89
4 90
4 91
4 92
4 93
4 94
4 96
4 97
4 98
4 99
4 100
4 102
4 103
4 104
4 105
4 106
4 107
4 108
4 109
4 110
4 111
4 113
4 114
4 115
4 116
4 117
4 120
4 121
4 123
4 126
4 128
4 129
4 133
4 135
4 136
4 137
4 138
4 139
4 140
4 141
4 142
4 144
4 146
4 147
4 148
4 149
4 150
4 151
4 152
4 153
4 154
4 155
4 156
4 160
4 164
4 165
4 166
4 167
4 168
4 169
4 170
4 171
4 172
4 173
4 174
4 175
4 177
4 178
4 182
4 186
4 187
4 190
4 192
4 193
4 194
4 195
4 196
4 197
4 202
4 203
4 204
4 206
4 208
4 211
4 212
4 213
4 214
4 215
4 216
4 218
4 220
4 221
4 227
4 229
4 230
4 232
4 234
4 236
4 238
4 243
4 249
4 250
4 252
4 255
4 257
4 258
4 259
4 264
4 267
4 268
4 269
4 271
4 273
4 274
4 275
4 276
4 277
4 278
4 279
4 280
4 281
4 282
4 283
4 284
4 287
4 293
4 294
4 298
4 301
4 306
4 307
4 308
4 313
4 318
4 320
4 326
4 329
4 330
4 331
4 340
4 341
4 342
4 346
4 347
4 348
4 350
4 351
4 352
4 353
4 354
4 355
4 356
4 360
4 361
4 365
4 369
4 371
4 373
4 374
4 375
4 376
4 377
4 378
4 379
4 382
4 385
4 386
4 387
4 389
4 391
4 396
4 397
4 403
4 405
4 408
4 415
4 416
4 420
4 421
4 424
4 425
4 429
4 430
4 431
4 432
4 433
4 434
4 436
4 438
5 0
5 2
5 3
5 4
5 5
5 6
5 8
5 9
5 10
5 11
5 14
5 15
5 16
5 17
5 21
5 22
5 23
5 24
5 26
5 28
5 35
5 36
5 37
5 38
5 39
5 41
5 43
5 44
5 46
5 47
5 50
5 51
5 52
5 55
5 59
5 61
5 62
5 63
5 65
5 66
5 68
5 69
5 71
5 73
5 74
5 75
5 78
5 79
5 80
5 85
5 93
5 94
5 97
5 98
5 100
5 103
5 104
5 105
5 107
5 109
5 115
5 126
5 128
5 129
5 132
5 136
5 137
5 138
5 139
5 140
5 145
5 146
5 147
5 151
5 152
5 153
5 155
5 156
5 157
5 170
5 171
5 172
5 174
5 178
5 182
5 185
5 186
5 187
5 190
5 191
5 193
5 222
5 229
5 233
5 235
5 243
5 254
5 256
5 257
5 291
5 296
5 298
5 299
5 301
5 313
5 316
5 319
5 320
5 321
5 322
5 345
5 346
5 351
5 356
5 376
5 385
5 386
5 419
5 428
5 431
5 432
5 438
6 0
6 1
6 2
6 3
6 4
6 5
6 6
6 8
6 10
6 11
6 12
6 13
6 14
6 15
6 16
6 17
6 20
6 21
6 22
6 23
6 24
6 25
6 26
6 28
6 30
6 31
6 32
6 34
6 35
6 36
6 37
6 39
6 41
6 42
6 43
6 44
6 45
6 48
6 50
6 51
6 52
6 53
6 54
6 55
6 56
6 57
6 59
6 60
6 61
6 62
6 65
6 68
6 69
6 70
6 71
6 73
6 74
6 75
6 76
6 79
6 80
6 85
6 89
6 92
6 93
6 94
6 96
6 97
6 101
6 102
6 103
6 104
6 107
6 110
6 111
6 112
6 113
6 114
6 115
6 116
6 118
6 120
6 121
6 123
6 124
6 128
6 129
6 132
6 138
6 139
6 140
6 141
6 142
6 143
6 146
6 147
6 151
6 152
6 153
6 155
6 156
6 157
6 167
6 171
6 172
6 173
6 174
6 177
6 178
6 182
6 183
6 184
6 185
6 190
6 191
6 193
6 194
6 196
6 206
6 207
6 210
6 212
6 215
6 217
6 230
6 232
6 234
6 235
6 241
6 246
6 252
6 259
6 268
6 277
6 282
6 283
6 291
6 305
6 306
6 309
6 313
6 316
6 317
6 318
6 319
6 320
6 321
6 325
6 342
6 348
6 361
6 374
6 385
6 408
6 419
6 420
6 421
6 422
6 423
6 432
7 0
7 1
7 2
7 4
7 5
7 6
7 7
7 8
7 9
7 11
7 13
7 15
7 16
7 17
7 23
7 24
7 25
7 26
7 27
7 32
7 35
7 37
7 38
7 39
7 44
7 50
7 52
7 53
7 54
7 60
7 61
7 68
7 69
7 70
7 71
7 73
7 80
7 85
7 92
7 93
7 94
7 110
7 113
7 115
7 128
7 132
7 138
7 139
7 140
7 155
7 177
7 186
7 187
7 237
7 246
7 291
7 316
7 366
7 384
7 385
8 0
8 1
8 2
8 3
8 4
8 5
8 6
8 8
8 9
8 10
8 11
8 12
8 13
8 14
8 15
8 16
8 17
8 18
8 20
8 21
8 22
8 23
8 24
8 26
8 27
8 28
8 29
8 31
8 32
8 34
8 35
8 37
8 39
8 40
8 41
8 42
8 43
8 44
8 45
8 46
8 48
8 50
8 51
8 52
8 53
8 55
8 56
8 57
8 62
8 63
8 68
8 69
8 74
8 75
8 76
8 77
8 78
8 79
8 80
8 82
8 83
8 84
8 85
8 86
8 88
8 89
8 90
8 91
8 93
8 94
8 96
8 97
8 101
8 102
8 103
8 104
8 107
8 110
8 111
8 112
8 114
8 116
8 118
8 119
8 120
8 121
8 122
8 123
8 124
8 130
8 131
8 140
8 143
8 147
8 154
8 155
8 156
8 160
8 163
8 164
8 167
8 168
8 169
8 175
8 176
8 194
8 195
8 196
8 197
8 205
8 206
8 207
8 210
8 212
8 213
8 216
8 217
8 232
8 236
8 238
8 245
8 246
8 249
8 251
8 254
8 257
8 258
8 268
8 270
8 271
8 276
8 277
8 280
8 282
8 283
8 285
8 287
8 293
8 297
8 306
8 307
8 309
8 310
8 316
8 334
8 338
8 339
8 342
8 343
8 344
8 347
8 357
8 358
8 359
8 362
8 365
8 370
8 373
8 374
8 377
8 380
8 381
8 389
8 391
8 398
8 399
8 403
8 405
8 412
8 419
8 420
8 421
8 427
8 438
9 0
9 1
9 2
9 3
9 4
9 5
9 6
9 8
9 10
9 11
9 12
9 13
9 14
9 15
9 16
9 17
9 18
9 19
9 20
9 21
9 22
9 23
9 25
9 26
9 28
9 29
9 30
9 31
9 32
9 33
9 34
9 35
9 36
9 37
9 38
9 39
9 40
9 41
9 42
9 43
9 44
9 45
9 46
9 47
9 48
9 50
9 51
9 52
9 55
9 60
9 61
9 63
9 65
9 66
9 68
9 70
9 73
9 74
9 75
9 76
9 77
9 79
9 80
9 81
9 82
9 83
9 84
9 85
9 86
9 87
9 88
9 89
9 91
9 96
9 97
9 100
9 102
9 103
9 104
9 105
9 106
9 107
9 108
9 109
9 110
9 111
9 112
9 113
9 114
9 115
9 116
9 117
9 121
9 122
9 124
9 125
9 128
9 129
9 131
9 140
9 146
9 148
9 149
9 152
9 153
9 155
9 160
9 161
9 164
9 165
9 166
9 167
9 168
9 169
9 170
9 171
9 172
9 173
9 175
9 176
9 177
9 178
9 179
9 182
9 192
9 193
9 194
9 195
9 196
9 197
9 198
9 200
9 206
9 208
9 209
9 212
9 213
9 215
9 216
9 218
9 220
9 221
9 223
9 224
9 225
9 226
9 227
9 230
9 232
9 234
9 236
9 238
9 241
9 244
9 245
9 246
9 247
9 248
9 249
9 250
9 251
9 254
9 255
9 257
9 258
9 261
9 262
9 265
9 267
9 269
9 273
9 277
9 294
9 298
9 300
9 302
9 306
9 308
9 310
9 313
9 329
9 331
9 334
9 336
9 338
9 339
9 340
9 341
9 343
9 344
9 347
9 351
9 356
9 357
9 358
9 359
9 360
9 362
9 365
9 370
9 373
9 374
9 375
9 378
9 379
9 380
9 385
9 386
9 388
9 390
9 392
9 394
9 395
9 403
9 405
9 408
9 410
9 412
9 413
9 414
9 415
9 416
9 420
9 421
9 424
9 425
9 428
9 429
9 433
9 434
9 436
9 437
9 438
9 440
10 0
10 1
10 2
10 3
10 4
10 5
10 6
10 7
10 8
10 9
10 10
10 11
10 12
10 13
10 14
10 15
10 16
10 17
10 18
10 20
10 21
10 22
10 23
10 24
10 25
10 26
10 27
10 28
10 30
10 31
10 32
10 34
10 35
10 36
10 37
10 38
10 39
10 41
10 42
10 43
10 44
10 45
10 46
10 47
10 49
10 50
10 51
10 52
10 53
10 54
10 55
10 56
10 57
10 58
10 59
10 60
10 61
10 62
10 63
10 64
10 65
10 66
10 67
10 68
10 69
10 70
10 71
10 72
10 73
10 76
10 78
10 79
10 80
10 85
10 90
10 92
10 93
10 94
10 96
10 100
10 101
10 103
10 109
10 113
10 127
10 130
10 132
10 134
10 136
10 138
10 139
10 140
10 143
10 144
10 146
10 147
10 148
10 152
10 155
10 156
10 157
10 167
10 170
10 172
10 176
10 177
10 180
10 184
10 185
10 186
10 187
10 188
10 191
10 197
10 213
10 216
10 230
10 233
10 235
10 236
10 240
10 245
10 249
10 254
10 257
10 296
10 297
10 310
10 313
10 320
10 322
10 344
10 351
10 352
10 354
10 355
10 438
11 0
11 1
11 2
11 4
11 5
11 6
11 7
11 8
11 9
11 11
11 12
11 13
11 14
11 15
11 20
11 21
11 22
11 23
11 24
11 25
11 26
11 27
11 28
11 30
11 32
11 34
11 36
11 37
11 38
11 39
11 42
11 43
11 44
11 45
11 46
11 48
11 49
11 50
11 51
11 52
11 53
11 54
11 55
11 56
11 58
11 60
11 61
11 69
11 70
11 71
11 73
11 75
11 78
11 79
11 85
11 92
11 93
11 94
11 95
11 100
11 102
11 103
11 113
11 115
11 116
11 118
11 120
11 123
11 124
11 126
11 127
11 128
11 131
11 134
11 136
11 138
11 139
11 140
11 141
11 143
11 144
11 149
11 155
11 156
11 157
11 177
11 181
11 183
11 186
11 187
11 193
11 194
11 195
11 211
11 216
11 227
11 237
11 246
11 259
11 326
11 342
11 366
11 367
11 384
11 387
11 413
12 0
12 3
12 4
12 6
12 8
12 10
12 11
12 12
12 13
12 14
12 16
12 18
12 19
12 20
12 21
12 22
12 23
12 28
12 29
12 31
12 33
12 34
12 37
12 40
12 41
12 42
12 43
12 46
12 50
12 55
12 60
12 61
12 65
12 74
12 75
12 77
12 81
12 82
12 83
12 85
12 88
12 89
12 90
12 91
12 96
12 102
12 103
12 104
12 105
12 106
12 107
12 108
12 109
12 117
12 121
12 125
12 155
12 158
12 167
12 176
12 184
12 194
12 195
12 197
12 208
12 212
12 223
12 230
12 234
12 245
12 247
12 254
12 255
12 258
12 263
12 264
12 274
12 281
12 283
12 284
12 294
12 308
12 313
12 329
12 337
12 342
12 344
12 348
12 371
12 374
12 380
12 394
12 416
12 420
12 425
12 438
13 0
13 2
13 4
13 6
13 11
13 14
13 15
13 22
13 23
13 25
13 27
13 32
13 34
13 35
13 38
13 39
13 41
13 43
13 50
13 52
13 53
13 54
13 55
13 56
13 60
13 61
13 63
13 70
13 73
13 78
13 80
13 85
13 96
13 113
13 115
13 126
13 127
13 128
13 132
13 134
13 135
13 136
13 140
13 143
13 148
13 149
13 150
13 155
13 167
13 177
13 178
13 183
13 230
13 237
13 259
13 312
13 316
13 367
13 385
13 393
14 6
14 11
14 15
14 23
14 24
14 30
14 35
14 37
14 39
14 44
14 50
14 51
14 60
14 61
14 62
14 68
14 93
14 99
14 132
14 141
14 142
14 143
14 144
14 148
14 155
14 156
15 5
15 6
15 9
15 11
15 15
15 16
15 17
15 20
15 23
15 24
15 26
15 28
15 35
15 36
15 37
15 38
15 41
15 44
15 50
15 52
15 61
15 62
15 68
15 69
15 78
15 80
15 92
15 93
15 94
15 99
15 139
15 157
15 190
15 191
15 230
15 235
15 297
15 317
15 318
15 319
15 320
15 328
16 0
16 1
16 2
16 3
16 4
16 5
16 6
16 7
16 8
16 10
16 11
16 12
16 13
16 14
16 15
16 16
16 17
16 18
16 20
16 21
16 22
16 23
16 24
16 25
16 26
16 28
16 31
16 32
16 33
16 34
16 35
16 37
16 39
16 40
16 41
16 42
16 43
16 44
16 45
16 46
16 47
16 48
16 49
16 50
16 51
16 52
16 53
16 54
16 55
16 56
16 57
16 58
16 59
16 60
16 61
16 62
16 63
16 64
16 65
16 68
16 69
16 70
16 71
16 72
16 73
16 74
16 75
16 76
16 77
16 78
16 79
16 80
16 81
16 83
16 86
16 89
16 90
16 92
16 93
16 96
16 97
16 101
16 102
16 103
16 104
16 105
16 107
16 115
16 116
16 117
16 118
16 119
16 120
16 121
16 122
16 123
16 124
16 125
16 127
16 128
16 139
16 140
16 142
16 143
16 155
16 156
16 157
16 164
16 167
16 174
16 176
16 177
16 178
16 179
16 184
16 185
16 192
16 194
16 195
16 198
16 206
16 209
16 216
16 218
16 220
16 221
16 222
16 246
16 252
16 253
16 254
16 256
16 272
16 274
16 281
16 287
16 305
16 306
16 309
16 310
16 311
16 312
16 315
16 324
16 333
16 336
16 337
16 342
16 344
16 347
16 365
16 381
16 408
16 438
17 0
17 1
17 2
17 4
17 5
17 6
17 8
17 9
17 10
17 11
17 14
17 15
17 16
17 17
17 20
17 22
17 23
17 24
17 25
17 26
17 27
17 28
17 29
17 30
17 31
17 32
17 34
17 35
17 36
17 37
17 39
17 40
17 41
17 43
17 44
17 45
17 46
17 48
17 49
17 50
17 51
17 52
17 53
17 54
17 55
17 56
17 57
17 59
17 60
17 61
17 62
17 63
17 64
17 66
17 67
17 68
17 69
17 70
17 71
17 72
17 73
17 78
17 79
17 80
17 81
17 85
17 89
17 92
17 93
17 94
17 96
17 99
17 101
17 102
17 104
17 105
17 107
17 109
17 113
17 116
17 118
17 124
17 126
17 137
17 138
17 139
17 140
17 141
17 143
17 152
17 155
17 156
17 157
17 160
17 167
17 174
17 178
17 181
17 184
17 185
17 186
17 196
17 206
17 216
17 222
17 235
17 291
17 306
17 312
17 316
17 318
17 319
17 320
17 325
17 342
17 385
17 432
18 0
18 2
18 4
18 5
18 6
18 7
18 8
18 9
18 11
18 12
18 13
18 14
18 15
18 16
18 17
18 20
18 21
18 22
18 23
18 25
18 26
18 27
18 28
18 30
18 31
18 32
18 33
18 34
18 35
18 36
18 38
18 39
18 40
18 42
18 43
18 44
18 45
18 46
18 48
18 50
18 51
18 52
18 53
18 54
18 55
18 56
18 60
18 61
18 62
18 63
18 66
18 69
18 70
18 71
18 73
18 75
18 76
18 78
18 85
18 92
18 93
18 94
18 102
18 103
18 105
18 106
18 107
18 108
18 109
18 113
18 115
18 116
18 118
18 120
18 121
18 122
18 126
18 127
18 128
18 132
18 133
18 136
18 138
18 139
18 140
18 141
18 142
18 143
18 144
18 146
18 149
18 152
18 153
18 155
18 156
18 157
18 168
18 170
18 173
18 174
18 177
18 178
18 179
18 180
18 181
18 182
18 183
18 185
18 186
18 187
18 191
18 193
18 194
18 229
18 230
18 246
18 255
18 258
18 291
18 313
18 321
18 323
18 336
18 344
18 346
18 356
18 371
18 382
18 385
18 387
18 431
19 2
19 3
19 5
19 6
19 8
19 15
19 16
19 17
19 24
19 26
19 35
19 36
19 39
19 41
19 43
19 44
19 49
19 50
19 51
19 52
19 56
19 61
19 62
19 63
19 64
19 66
19 68
19 69
19 79
19 80
19 92
19 93
19 94
19 130
19 138
19 139
19 140
19 155
19 157
19 170
19 178
19 185
19 190
19 191
19 213
19 229
19 235
19 317
19 319
20 0
20 1
20 2
20 5
20 6
20 9
20 11
20 14
20 15
20 17
20 23
20 24
20 26
20 30
20 35
20 36
20 37
20 39
20 43
20 44
20 45
20 47
20 49
20 50
20 51
20 52
20 54
20 55
20 56
20 62
20 63
20 64
20 65
20 68
20 69
20 70
20 71
20 73
20 78
20 79
20 80
20 92
20 93
20 94
20 107
20 136
20 137
20 138
20 139
20 140
20 155
20 156
20 157
20 185
20 190
20 216
20 229
20 242
20 291
20 297
20 317
20 318
20 320
20 373
20 438
21 0
21 2
21 5
21 6
21 8
21 10
21 11
21 14
21 15
21 16
21 17
21 22
21 23
21 25
21 28
21 32
21 33
21 34
21 35
21 36
21 37
21 39
21 42
21 44
21 45
21 47
21 50
21 51
21 54
21 55
21 56
21 57
21 63
21 69
21 70
21 71
21 76
21 78
21 79
21 80
21 83
21 92
21 93
21 94
21 96
21 101
21 138
21 140
21 143
21 152
21 153
21 155
21 156
21 183
21 216
21 313
22 0
22 1
22 2
22 5
22 6
22 8
22 10
22 11
22 14
22 15
22 16
22 17
22 20
22 22
22 23
22 24
22 25
22 27
22 28
22 31
22 32
22 34
22 36
22 37
22 39
22 41
22 43
22 45
22 46
22 50
22 51
22 52
22 55
22 58
22 60
22 61
22 62
22 63
22 65
22 68
22 69
22 70
22 76
22 78
22 79
22 92
22 93
22 94
22 96
22 101
22 104
22 106
22 120
22 127
22 131
22 132
22 138
22 139
22 155
22 156
22 177
22 184
22 194
22 195
22 204
22 205
22 216
22 217
22 229
22 230
22 253
22 254
22 258
22 386
23 1
23 2
23 5
23 6
23 8
23 9
23 14
23 15
23 17
23 22
23 23
23 24
23 25
23 27
23 30
23 35
23 36
23 39
23 44
23 45
23 49
23 50
23 51
23 52
23 55
23 56
23 63
23 64
23 69
23 70
23 71
23 78
23 92
23 93
23 94
23 96
23 138
23 139
23 140
23 146
23 155
23 156
23 157
23 176
23 180
23 185
23 296
23 318
23 328
23 386
24 5
24 6
24 23
24 26
24 36
24 43
24 52
24 68
24 69
24 92
24 94
24 139
24 235
24 258
24 316
24 318
24 321
25 5
25 6
25 8
25 11
25 14
25 15
25 32
25 37
25 43
25 46
25 51
25 52
25 62
25 97
25 155
25 156
25 177
25 185
25 230
25 386
25 387
25 408
26 3
26 6
26 37
26 50
26 61
26 62
26 63
26 66
26 70
27 3
27 6
27 14
27 52
27 61
27 62
27 72
27 103
28 5
28 6
28 8
28 10
28 14
28 35
28 36
28 37
28 41
28 44
28 45
28 50
28 62
28 93
28 103
28 107
28 156
28 174
28 317
28 386
29 0
29 1
29 2
29 3
29 5
29 6
29 8
29 9
29 10
29 11
29 14
29 15
29 20
29 22
29 23
29 24
29 25
29 26
29 27
29 28
29 30
29 32
29 35
29 36
29 39
29 41
29 43
29 44
29 45
29 47
29 49
29 50
29 51
29 52
29 55
29 56
29 59
29 61
29 62
29 63
29 66
29 67
29 68
29 69
29 70
29 71
29 73
29 78
29 79
29 80
29 85
29 92
29 93
29 94
29 101
29 123
29 137
29 138
29 139
29 140
29 146
29 153
29 155
29 156
29 157
29 178
29 191
29 194
29 235
29 296
29 297
29 317
29 320
29 325
29 383
29 385
29 386
30 0
30 2
30 4
30 6
30 8
30 13
30 21
30 22
30 23
30 25
30 27
30 29
30 32
30 33
30 34
30 38
30 42
30 48
30 54
30 55
30 56
30 60
30 61
30 63
30 73
30 74
30 75
30 78
30 85
30 103
30 104
30 108
30 149
30 181
30 187
30 194
30 195
30 313
31 3
31 6
31 28
31 61
31 72
32 5
32 10
32 14
32 15
32 17
32 22
32 39
32 42
32 46
32 152
32 156
32 183
32 230
32 313
32 316
32 420
33 0
33 2
33 6
33 7
33 15
33 22
33 25
33 27
33 50
33 51
33 52
33 54
33 56
33 58
33 60
33 70
33 71
33 73
33 78
33 85
33 93
33 94
33 113
33 124
33 135
33 139
33 143
33 155
33 227
34 0
34 3
34 6
34 8
34 11
34 14
34 39
34 44
34 61
34 72
34 194
34 389
35 0
35 1
35 4
35 5
35 6
35 8
35 9
35 10
35 12
35 14
35 15
35 16
35 17
35 20
35 21
35 22
35 23
35 24
35 25
35 26
35 27
35 28
35 31
35 32
35 33
35 35
35 36
35 37
35 39
35 41
35 42
35 43
35 44
35 47
35 48
35 49
35 50
35 51
35 52
35 53
35 55
35 56
35 57
35 61
35 62
35 63
35 64
35 65
35 68
35 69
35 70
35 71
35 73
35 74
35 75
35 76
35 79
35 80
35 81
35 82
35 83
35 84
35 88
35 89
35 91
35 92
35 93
35 94
35 96
35 97
35 103
35 104
35 105
35 106
35 110
35 111
35 112
35 113
35 114
35 115
35 118
35 120
35 121
35 122
35 123
35 124
35 126
35 127
35 128
35 131
35 132
35 137
35 138
35 139
35 140
35 142
35 143
35 147
35 151
35 152
35 153
35 155
35 156
35 157
35 160
35 162
35 164
35 165
35 167
35 173
35 175
35 178
35 182
35 184
35 187
35 188
35 190
35 191
35 193
35 194
35 206
35 207
35 212
35 216
35 217
35 220
35 230
35 231
35 234
35 246
35 257
35 259
35 268
35 276
35 277
35 280
35 282
35 284
35 285
35 296
35 305
35 306
35 309
35 316
35 317
35 319
35 320
35 339
35 346
35 351
35 354
35 356
35 373
35 381
35 383
35 385
35 403
35 405
35 408
35 419
35 420
35 421
36 0
36 1
36 3
36 4
36 5
36 6
36 8
36 10
36 11
36 14
36 15
36 16
36 17
36 20
36 21
36 22
36 23
36 25
36 28
36 32
36 35
36 36
36 37
36 41
36 42
36 43
36 44
36 45
36 47
36 50
36 51
36 52
36 54
36 55
36 56
36 61
36 62
36 64
36 68
36 69
36 73
36 74
36 75
36 76
36 79
36 80
36 81
36 82
36 83
36 84
36 85
36 88
36 89
36 91
36 92
36 93
36 94
36 96
36 97
36 99
36 103
36 110
36 111
36 112
36 113
36 114
36 116
36 120
36 121
36 125
36 132
36 137
36 138
36 139
36 140
36 142
36 143
36 147
36 155
36 156
36 158
36 159
36 164
36 174
36 177
36 179
36 180
36 181
36 190
36 194
36 195
36 206
36 212
36 217
36 229
36 230
36 232
36 246
36 252
36 260
36 268
36 276
36 277
36 282
36 288
36 289
36 306
36 313
36 317
36 319
36 344
36 385
36 386
36 398
36 399
36 400
36 420
36 421
36 437
37 0
37 2
37 3
37 4
37 5
37 6
37 8
37 9
37 10
37 11
37 14
37 15
37 16
37 17
37 20
37 22
37 23
37 28
37 32
37 34
37 35
37 36
37 37
37 39
37 40
37 41
37 42
37 43
37 44
37 46
37 49
37 50
37 52
37 55
37 61
37 63
37 68
37 70
37 71
37 73
37 74
37 75
37 79
37 80
37 81
37 89
37 92
37 93
37 94
37 96
37 97
37 103
37 104
37 110
37 111
37 113
37 114
37 120
37 139
37 142
37 149
37 150
37 153
37 156
37 158
37 159
37 177
37 190
37 191
37 194
37 195
37 212
37 217
37 230
37 246
37 255
37 268
37 277
37 284
37 306
37 310
37 316
37 317
37 318
37 320
37 420
37 421
38 0
38 1
38 2
38 4
38 6
38 15
38 17
38 24
38 26
38 30
38 32
38 35
38 39
38 44
38 45
38 49
38 50
38 51
38 57
38 61
38 62
38 63
38 69
38 70
38 71
38 79
38 80
38 92
38 93
38 94
38 107
38 128
38 136
38 138
38 140
38 156
38 157
38 297
38 351
39 8
39 10
39 11
39 12
39 21
39 22
39 23
39 28
39 29
39 31
39 34
39 37
39 40
39 41
39 43
39 48
39 55
39 61
39 73
39 74
39 75
39 76
39 81
39 82
39 83
39 84
39 87
39 89
39 101
39 108
39 112
39 114
39 116
39 121
39 122
39 125
39 155
39 162
39 194
39 218
39 220
39 221
39 225
39 226
39 245
39 255
39 264
39 278
39 280
39 281
39 292
39 294
39 310
39 316
39 329
39 330
39 338
39 339
39 340
39 341
39 342
39 344
39 347
39 394
39 404
39 438
40 8
40 10
40 11
40 17
40 21
40 22
40 23
40 28
40 31
40 37
40 41
40 43
40 46
40 48
40 55
40 74
40 75
40 82
40 83
40 84
40 86
40 87
40 101
40 121
40 123
40 155
40 156
40 195
40 200
40 202
40 220
40 221
40 225
40 244
40 255
40 256
40 261
40 265
40 269
40 281
40 316
40 329
40 338
40 339
40 340
40 344
40 359
40 364
40 441
41 3
41 4
41 6
41 8
41 10
41 11
41 21
41 22
41 23
41 28
41 29
41 41
41 43
41 52
41 55
41 73
41 83
41 104
41 106
41 108
41 115
41 153
41 155
41 169
41 184
41 200
41 206
41 208
41 255
41 268
41 283
41 308
41 316
41 342
41 344
41 416
42 0
42 3
42 4
42 6
42 8
42 9
42 10
42 11
42 12
42 13
42 14
42 15
42 16
42 17
42 18
42 19
42 20
42 21
42 22
42 23
42 28
42 29
42 31
42 33
42 34
42 35
42 36
42 37
42 38
42 39
42 40
42 41
42 42
42 43
42 44
42 45
42 46
42 47
42 48
42 50
42 51
42 52
42 53
42 55
42 61
42 62
42 63
42 65
42 66
42 68
42 71
42 73
42 74
42 75
42 77
42 78
42 79
42 80
42 81
42 82
42 83
42 84
42 85
42 86
42 87
42 89
42 91
42 92
42 94
42 96
42 97
42 98
42 99
42 100
42 102
42 103
42 104
42 105
42 106
42 107
42 108
42 109
42 110
42 111
42 112
42 114
42 115
42 116
42 117
42 120
42 121
42 122
42 126
42 128
42 132
42 136
42 137
42 139
42 140
42 144
42 146
42 147
42 149
42 151
42 152
42 153
42 155
42 156
42 158
42 159
42 160
42 161
42 162
42 164
42 165
42 166
42 167
42 168
42 169
42 170
42 171
42 172
42 173
42 175
42 176
42 177
42 178
42 182
42 186
42 187
42 192
42 193
42 194
42 195
42 196
42 197
42 198
42 199
42 200
42 201
42 204
42 206
42 208
42 209
42 212
42 213
42 214
42 218
42 220
42 221
42 223
42 227
42 228
42 230
42 231
42 232
42 234
42 236
42 238
42 241
42 243
42 246
42 248
42 249
42 250
42 253
42 254
42 255
42 257
42 258
42 260
42 261
42 262
42 264
42 267
42 268
42 269
42 273
42 274
42 276
42 277
42 279
42 281
42 284
42 286
42 287
42 292
42 293
42 297
42 298
42 302
42 304
42 306
42 307
42 308
42 309
42 310
42 312
42 313
42 314
42 316
42 321
42 324
42 325
42 326
42 329
42 330
42 331
42 332
42 333
42 334
42 335
42 338
42 339
42 340
42 341
42 342
42 343
42 344
42 345
42 347
42 348
42 349
42 350
42 351
42 352
42 353
42 354
42 355
42 356
42 361
42 363
42 366
42 368
42 369
42 371
42 373
42 374
42 375
42 377
42 378
42 379
42 382
42 385
42 386
42 387
42 389
42 394
42 395
42 405
42 406
42 407
42 408
42 410
42 412
42 413
42 414
42 415
42 419
42 420
42 421
42 423
42 424
42 425
42 426
42 434
42 435
42 436
42 437
42 438
42 439
43 6
43 8
43 10
43 11
43 12
43 13
43 16
43 19
43 20
43 21
43 22
43 28
43 31
43 33
43 34
43 37
43 40
43 42
43 43
43 48
43 50
43 55
43 73
43 74
43 75
43 77
43 81
43 84
43 85
43 90
43 91
43 103
43 108
43 117
43 140
43 192
43 194
43 195
43 196
43 218
43 221
43 227
43 374
43 375
43 386
44 0
44 2
44 3
44 4
44 5
44 6
44 7
44 8
44 9
44 10
44 11
44 13
44 14
44 15
44 16
44 22
44 23
44 25
44 26
44 28
44 32
44 35
44 36
44 37
44 39
44 43
44 44
44 50
44 52
44 53
44 54
44 56
44 60
44 61
44 62
44 63
44 64
44 66
44 68
44 69
44 70
44 72
44 73
44 75
44 80
44 85
44 92
44 93
44 94
44 96
44 97
44 100
44 113
44 115
44 126
44 127
44 128
44 132
44 133
44 135
44 136
44 138
44 139
44 140
44 142
44 143
44 144
44 148
44 149
44 150
44 155
44 177
44 178
44 182
44 183
44 186
44 187
44 193
44 194
44 211
44 246
44 259
44 316
44 320
44 356
44 366
44 368
44 371
44 376
44 402
44 409
45 5
45 6
45 32
45 35
45 44
45 61
45 92
45 94
45 138
45 139
45 157
45 170
45 318
45 421
46 1
46 3
46 5
46 6
46 8
46 10
46 11
46 14
46 15
46 16
46 17
46 20
46 22
46 23
46 25
46 28
46 35
46 36
46 37
46 41
46 42
46 43
46 44
46 45
46 47
46 57
46 61
46 62
46 66
46 68
46 69
46 73
46 80
46 82
46 89
46 92
46 93
46 94
46 96
46 103
46 110
46 115
46 138
46 139
46 146
46 150
46 151
46 155
46 156
46 157
46 177
46 180
46 190
46 194
46 195
46 206
46 220
46 222
46 230
46 235
46 246
46 252
46 276
46 277
46 280
46 281
46 284
46 285
46 287
46 317
46 389
46 392
46 400
46 419
46 420
47 0
47 1
47 2
47 3
47 4
47 5
47 6
47 8
47 9
47 10
47 11
47 14
47 15
47 16
47 17
47 18
47 19
47 20
47 21
47 23
47 24
47 25
47 26
47 27
47 28
47 30
47 31
47 32
47 35
47 36
47 37
47 39
47 41
47 42
47 43
47 44
47 45
47 46
47 47
47 48
47 50
47 51
47 52
47 55
47 56
47 60
47 61
47 62
47 63
47 64
47 65
47 67
47 68
47 69
47 70
47 72
47 73
47 74
47 75
47 76
47 77
47 78
47 79
47 80
47 81
47 82
47 83
47 84
47 85
47 87
47 88
47 89
47 91
47 92
47 93
47 94
47 96
47 97
47 99
47 100
47 101
47 103
47 104
47 105
47 106
47 107
47 110
47 111
47 112
47 114
47 115
47 116
47 118
47 119
47 120
47 121
47 122
47 123
47 124
47 125
47 128
47 130
47 131
47 132
47 136
47 137
47 138
47 139
47 140
47 142
47 143
47 147
47 151
47 152
47 153
47 154
47 155
47 156
47 157
47 158
47 159
47 160
47 161
47 162
47 163
47 164
47 167
47 168
47 169
47 170
47 172
47 173
47 174
47 176
47 177
47 178
47 180
47 182
47 188
47 189
47 190
47 191
47 192
47 193
47 194
47 195
47 196
47 197
47 200
47 201
47 204
47 205
47 206
47 207
47 208
47 209
47 214
47 216
47 217
47 218
47 219
47 220
47 221
47 222
47 226
47 227
47 229
47 230
47 231
47 232
47 236
47 244
47 245
47 246
47 247
47 251
47 252
47 253
47 255
47 257
47 258
47 260
47 262
47 268
47 269
47 271
47 272
47 273
47 274
47 276
47 277
47 278
47 279
47 280
47 282
47 283
47 285
47 286
47 287
47 290
47 295
47 296
47 297
47 301
47 306
47 307
47 309
47 310
47 313
47 315
47 316
47 318
47 319
47 327
47 329
47 330
47 331
47 334
47 337
47 338
47 339
47 340
47 341
47 342
47 344
47 347
47 358
47 360
47 361
47 362
47 368
47 369
47 372
47 373
47 374
47 377
47 385
47 386
47 387
47 389
47 395
47 403
47 408
47 409
47 410
47 412
47 413
47 414
47 420
47 421
47 422
47 423
47 425
47 438
48 0
48 2
48 3
48 6
48 8
48 9
48 10
48 11
48 13
48 15
48 20
48 23
48 28
48 36
48 37
48 39
48 43
48 45
48 52
48 54
48 55
48 57
48 61
48 63
48 70
48 72
48 78
48 80
48 81
48 85
48 92
48 93
48 94
48 96
48 97
48 106
48 110
48 113
48 115
48 128
48 132
48 138
48 139
48 140
48 142
48 143
48 156
48 157
48 159
48 162
48 167
48 178
48 183
48 190
48 194
48 206
48 236
48 246
48 257
48 259
48 277
48 306
48 313
48 317
48 347
49 6
49 8
49 10
49 11
49 12
49 14
49 17
49 21
49 23
49 28
49 34
49 41
49 43
49 65
49 74
49 76
49 81
49 82
49 86
49 90
49 91
49 96
49 115
49 245
49 257
49 283
49 310
49 420
50 4
50 6
50 8
50 10
50 37
50 46
50 73
50 96
50 106
50 108
50 111
50 273
50 293
50 310
50 386
50 397
51 2
51 4
51 6
51 8
51 10
51 11
51 12
51 20
51 21
51 23
51 28
51 31
51 37
51 43
51 44
51 46
51 48
51 50
51 61
51 65
51 73
51 74
51 75
51 81
51 82
51 83
51 85
51 90
51 91
51 96
51 108
51 111
51 158
51 162
51 167
51 192
51 194
51 209
51 212
51 214
51 218
51 230
51 268
51 275
51 276
51 277
51 293
51 310
51 313
51 344
51 385
51 416
51 420
52 10
52 23
52 37
52 41
52 65
52 89
52 101
52 155
52 309
52 316
52 327
52 344
53 0
53 3
53 4
53 6
53 10
53 14
53 15
53 17
53 19
53 20
53 25
53 27
53 36
53 48
53 50
53 52
53 53
53 55
53 56
53 74
53 75
53 76
53 86
53 88
53 90
53 101
53 102
53 103
53 104
53 105
53 110
53 112
53 113
53 120
53 121
53 123
53 127
53 141
53 146
53 152
53 153
53 155
53 156
53 167
53 178
53 184
53 194
53 198
53 199
53 206
53 306
53 333
53 334
53 344
53 365
53 381
54 2
54 8
54 10
54 22
54 25
54 27
54 54
54 76
54 101
54 113
54 122
54 259
55 12
55 21
55 22
55 25
55 48
55 65
55 76
55 90
55 104
55 108
55 116
55 122
55 125
55 287
55 310
55 344
55 362
56 0
56 4
56 6
56 9
56 22
56 23
56 32
56 34
56 52
56 73
56 74
56 85
56 93
56 106
56 108
56 115
56 136
56 143
56 165
56 197
56 246
56 259
57 4
57 6
57 8
57 10
57 11
57 14
57 16
57 17
57 20
57 21
57 22
57 28
57 30
57 31
57 32
57 34
57 41
57 43
57 45
57 46
57 50
57 60
57 61
57 73
57 74
57 82
57 96
57 104
57 106
57 107
57 108
57 114
57 115
57 125
57 140
57 192
57 194
57 197
57 208
57 215
57 218
57 220
57 230
57 236
57 244
57 253
57 268
57 269
57 277
57 302
57 308
57 309
57 312
57 314
57 330
57 347
57 362
57 386
57 389
57 420
58 4
58 6
58 8
58 10
58 12
58 13
58 14
58 18
58 21
58 22
58 23
58 28
58 31
58 34
58 37
58 40
58 41
58 43
58 48
58 50
58 55
58 74
58 77
58 83
58 86
58 91
58 96
58 101
58 102
58 103
58 104
58 106
58 107
58 108
58 117
58 121
58 155
58 165
58 166
58 194
58 195
58 199
58 200
58 202
58 208
58 218
58 219
58 220
58 221
58 227
58 230
58 254
58 255
58 256
58 257
58 268
58 271
58 275
58 284
58 294
58 302
58 308
58 314
58 329
58 330
58 331
58 334
58 341
58 342
58 343
58 371
58 386
58 394
58 401
58 404
58 416
59 8
59 10
59 22
59 23
59 28
59 31
59 37
59 43
59 46
59 74
59 76
59 81
59 82
59 83
59 101
59 121
59 125
59 149
59 155
59 162
59 194
59 223
59 226
59 245
59 255
59 264
59 269
59 286
59 292
59 316
59 329
59 338
59 339
59 341
59 342
59 344
59 399
59 406
60 10
60 21
60 28
60 37
60 44
60 46
60 75
60 81
60 90
60 107
60 155
60 156
60 246
60 255
60 271
60 283
60 344
60 386
60 416
61 6
61 8
61 10
61 11
61 13
61 14
61 18
61 20
61 21
61 22
61 23
61 25
61 28
61 33
61 34
61 37
61 41
61 42
61 43
61 46
61 47
61 50
61 65
61 74
61 75
61 85
61 90
61 96
61 106
61 108
61 123
61 132
61 156
61 176
61 194
61 197
61 198
61 216
61 245
61 255
61 262
61 276
61 310
61 344
61 438
62 8
62 10
62 17
62 22
62 23
62 25
62 34
62 37
62 41
62 43
62 75
62 83
62 84
62 89
62 121
62 195
62 208
62 221
62 224
62 225
62 244
62 255
62 261
62 273
62 316
62 339
62 342
62 344
62 357
62 364
62 398
62 416
63 4
63 8
63 10
63 22
63 23
63 55
63 74
63 96
63 102
63 121
63 255
63 292
63 404
63 416
64 0
64 2
64 6
64 7
64 11
64 15
64 25
64 27
64 32
64 39
64 52
64 54
64 55
64 60
64 78
64 80
64 85
64 113
64 127
64 181
64 183
64 186
64 313
64 393
65 5
65 6
65 8
65 11
65 15
65 22
65 23
65 28
65 35
65 36
65 37
65 38
65 39
65 44
65 50
65 51
65 73
65 92
65 93
65 94
65 97
65 102
65 107
65 135
65 136
65 153
65 156
65 178
65 193
65 316
66 3
66 8
66 10
66 21
66 22
66 23
66 37
66 74
66 81
66 83
66 116
66 121
66 162
66 194
66 226
66 245
66 255
66 263
66 264
66 288
66 329
66 342
66 347
66 394
66 416
67 8
67 23
67 33
67 48
67 75
67 189
67 225
67 226
67 289
67 341
67 342
67 364
67 395
67 416
68 0
68 2
68 4
68 5
68 6
68 8
68 9
68 11
68 22
68 23
68 25
68 26
68 37
68 38
68 42
68 46
68 49
68 52
68 54
68 60
68 61
68 62
68 73
68 75
68 85
68 115
68 126
68 128
68 136
68 141
68 142
68 143
68 144
68 149
68 150
68 155
68 174
68 177
68 178
68 182
68 186
68 187
68 191
68 193
68 194
68 206
68 211
68 216
68 246
68 259
68 306
68 326
68 356
68 385
68 393
69 3
69 4
69 6
69 8
69 10
69 11
69 12
69 13
69 17
69 18
69 19
69 20
69 21
69 22
69 23
69 28
69 31
69 34
69 37
69 40
69 41
69 43
69 50
69 52
69 55
69 61
69 62
69 68
69 76
69 83
69 93
69 94
69 96
69 97
69 107
69 108
69 110
69 111
69 113
69 117
69 122
69 128
69 138
69 139
69 147
69 155
69 167
69 172
69 176
69 190
69 194
69 195
69 196
69 203
69 205
69 206
69 212
69 214
69 225
69 229
69 232
69 254
69 258
69 270
69 294
69 308
69 313
69 316
69 325
69 331
69 344
69 351
69 365
69 374
69 378
69 385
69 396
69 421
69 424
69 438
70 0
70 5
70 6
70 15
70 16
70 26
70 27
70 39
70 45
70 50
70 51
70 55
70 63
70 70
70 85
70 113
70 140
70 155
70 157
70 182
70 185
70 191
70 193
70 257
70 316
71 5
71 6
71 11
71 13
71 14
71 17
71 20
71 39
71 43
71 62
71 66
71 94
71 97
71 100
71 104
71 117
71 139
71 146
71 151
71 192
71 199
71 204
71 206
71 232
71 247
71 268
71 276
71 277
71 280
71 308
71 310
71 343
71 344
71 347
71 351
71 368
71 381
72 6
72 10
72 12
72 15
72 23
72 35
72 37
72 43
72 55
72 61
72 68
72 93
72 94
72 97
72 102
72 110
72 112
72 114
72 155
72 167
72 178
72 212
72 230
72 232
72 268
72 270
72 421
73 8
73 10
73 12
73 15
73 21
73 28
73 37
73 41
73 43
73 46
73 48
73 55
73 73
73 75
73 96
73 107
73 125
73 128
73 168
73 194
73 195
73 197
73 206
73 208
73 209
73 283
73 363
73 379
73 385
73 386
73 387
73 404
74 6
74 10
74 35
74 39
74 50
74 113
74 223
74 257
74 287
74 419
74 438
75 10
75 22
75 50
75 84
75 244
76 6
76 8
76 15
76 16
76 39
76 79
76 89
76 103
76 156
76 174
76 181
76 309
77 3
77 5
77 6
77 10
77 11
77 14
77 15
77 16
77 20
77 23
77 26
77 28
77 39
77 41
77 42
77 43
77 91
77 94
77 97
77 103
77 110
77 112
77 114
77 139
77 156
77 174
77 191
77 205
77 209
77 235
77 246
77 306
77 316
77 319
77 331
77 346
77 362
77 419
77 420
77 421
78 0
78 4
78 6
78 23
78 26
78 32
78 50
78 52
78 69
78 92
78 94
78 103
78 113
78 115
78 128
78 230
78 246
78 259
78 313
78 366
78 419
79 6
79 8
79 11
79 12
79 21
79 22
79 28
79 29
79 37
79 40
79 46
79 48
79 50
79 60
79 84
79 102
79 103
79 104
79 105
79 106
79 107
79 143
79 151
79 156
79 160
79 170
79 173
79 176
79 194
79 196
79 213
79 218
79 230
79 241
79 258
79 269
79 344
79 386
79 428
80 5
80 6
80 8
80 10
80 20
80 23
80 28
80 37
80 43
80 50
80 62
80 92
80 93
80 94
80 97
80 112
80 114
80 139
80 155
80 167
80 205
80 206
80 210
80 222
80 232
80 268
80 270
80 317
80 419
80 420
80 421
80 424
81 6
81 12
81 18
81 37
81 50
81 52
81 85
81 86
81 91
81 102
81 103
81 126
81 171
81 173
81 177
81 227
81 228
81 230
81 313
81 385
82 0
82 1
82 6
82 8
82 14
82 15
82 17
82 18
82 21
82 23
82 31
82 34
82 39
82 50
82 52
82 69
82 75
82 77
82 85
82 92
82 93
82 94
82 97
82 102
82 103
82 107
82 113
82 115
82 116
82 125
82 127
82 139
82 155
82 156
82 157
82 174
82 187
82 192
82 194
82 227
82 280
82 287
82 306
82 310
82 318
82 320
82 333
82 345
82 346
82 356
82 364
82 381
82 385
83 6
83 15
83 39
83 80
83 127
84 1
84 3
84 5
84 6
84 11
84 26
84 35
84 38
84 39
84 44
84 61
84 62
84 68
84 72
84 80
84 92
84 93
84 94
84 110
84 139
84 155
84 157
84 173
84 190
84 268
84 320
84 332
85 10
85 245
85 316
85 329
86 8
86 13
86 19
86 22
86 40
86 41
86 75
86 86
86 89
86 102
86 103
86 115
86 116
86 120
86 121
86 164
86 176
86 246
86 306
86 309
87 17
87 246
88 4
88 5
88 6
88 8
88 12
88 13
88 15
88 16
88 19
88 20
88 21
88 22
88 28
88 37
88 50
88 51
88 55
88 61
88 65
88 66
88 68
88 73
88 85
88 94
88 98
88 100
88 103
88 105
88 106
88 107
88 109
88 136
88 138
88 139
88 140
88 146
88 151
88 152
88 153
88 160
88 165
88 166
88 170
88 172
88 173
88 177
88 178
88 182
88 187
88 190
88 193
88 194
88 196
88 212
88 214
88 227
88 230
88 233
88 236
88 247
88 257
88 313
88 316
88 318
88 321
88 342
88 351
88 353
88 354
88 385
88 386
89 4
89 5
89 6
89 8
89 10
89 12
89 13
89 15
89 16
89 19
89 20
89 21
89 22
89 28
89 29
89 31
89 33
89 37
89 42
89 43
89 46
89 48
89 50
89 55
89 61
89 62
89 65
89 68
89 74
89 75
89 77
89 83
89 84
89 86
89 87
89 91
89 94
89 96
89 97
89 102
89 103
89 104
89 105
89 106
89 107
89 108
89 114
89 121
89 122
89 125
89 129
89 131
89 147
89 152
89 160
89 162
89 164
89 165
89 166
89 170
89 171
89 172
89 173
89 178
89 192
89 193
89 194
89 195
89 196
89 197
89 214
89 220
89 221
89 227
89 230
89 232
89 246
89 252
89 254
89 257
89 261
89 268
89 269
89 273
89 277
89 278
89 279
89 294
89 298
89 307
89 308
89 331
89 338
89 339
89 342
89 347
89 372
89 385
89 386
89 421
89 429
89 438
90 0
90 2
90 8
90 14
90 17
90 21
90 22
90 23
90 28
90 34
90 46
90 76
90 83
90 84
90 93
90 94
90 96
90 111
90 114
90 116
90 122
90 156
90 192
90 194
90 230
90 246
90 307
90 311
90 319
90 334
90 344
90 362
90 438
91 6
91 22
91 55
91 177
91 209
91 248
92 3
92 4
92 6
92 8
92 42
92 52
92 61
92 65
92 85
92 91
92 96
92 113
92 128
92 132
92 142
92 166
92 182
92 186
92 187
92 356
93 6
93 14
93 90
93 121
93 194
93 195
93 206
93 216
93 220
93 231
93 232
93 246
93 254
93 266
93 272
93 338
93 339
93 340
93 344
93 347
93 389
94 77
95 4
95 6
95 8
95 11
95 12
95 13
95 16
95 18
95 20
95 21
95 22
95 23
95 28
95 31
95 34
95 37
95 40
95 50
95 55
95 68
95 74
95 76
95 77
95 81
95 85
95 86
95 87
95 93
95 96
95 102
95 103
95 104
95 107
95 108
95 117
95 120
95 156
95 166
95 170
95 172
95 174
95 175
95 178
95 182
95 194
95 195
95 198
95 206
95 207
95 212
95 214
95 220
95 221
95 230
95 245
95 246
95 248
95 268
95 269
95 270
95 272
95 273
95 275
95 276
95 277
95 280
95 282
95 283
95 284
95 285
95 286
95 296
95 306
95 308
95 318
95 329
95 330
95 341
95 342
95 343
95 344
95 347
95 354
95 357
95 358
95 378
95 379
95 385
95 386
95 388
95 416
95 422
96 0
96 2
96 4
96 6
96 8
96 9
96 12
96 14
96 15
96 21
96 25
96 26
96 27
96 32
96 34
96 38
96 42
96 46
96 50
96 52
96 54
96 56
96 60
96 62
96 71
96 73
96 74
96 75
96 85
96 103
96 108
96 115
96 117
96 126
96 128
96 133
96 135
96 136
96 155
96 177
96 178
96 182
96 186
96 187
96 190
96 193
96 194
96 206
96 220
96 221
96 246
96 268
96 269
96 277
96 278
96 279
96 286
96 300
96 302
96 326
96 344
96 408
97 6
97 12
97 17
97 28
97 103
97 160
97 164
97 209
97 218
97 230
97 236
97 307
97 310
97 365
98 8
98 74
98 194
98 220
98 221
98 312
99 10
99 28
99 74
99 75
99 195
99 221
99 339
100 0
100 8
100 10
100 20
100 22
100 23
100 34
100 52
100 55
100 76
100 101
100 121
100 194
100 195
100 204
100 206
100 231
100 269
100 273
100 280
100 283
100 286
100 287
100 342
100 364
100 416
101 0
101 3
101 4
101 5
101 6
101 10
101 15
101 16
101 17
101 28
101 35
101 37
101 43
101 45
101 46
101 50
101 55
101 65
101 66
101 68
101 79
101 85
101 93
101 94
101 97
101 98
101 99
101 105
101 107
101 109
101 110
101 111
101 115
101 121
101 124
101 126
101 128
101 135
101 136
101 139
101 140
101 145
101 146
101 147
101 152
101 153
101 155
101 156
101 160
101 164
101 167
101 170
101 172
101 173
101 177
101 178
101 182
101 187
101 190
101 191
101 193
101 194
101 195
101 196
101 198
101 206
101 213
101 217
101 220
101 227
101 230
101 257
101 258
101 268
101 271
101 291
101 301
101 306
101 307
101 313
101 317
101 318
101 320
101 321
101 322
101 332
101 334
101 337
101 351
101 356
101 360
101 368
101 371
101 372
101 373
101 374
101 377
101 385
101 387
101 392
101 420
101 425
101 431
101 432
101 438
102 8
102 11
102 17
102 22
102 23
102 37
102 43
102 45
102 46
102 121
102 155
102 156
102 194
102 195
102 206
102 244
102 247
102 248
102 268
102 269
102 273
102 275
102 278
102 281
102 283
102 284
102 286
102 287
102 342
102 364
102 404
102 416
103 0
103 4
103 5
103 6
103 11
103 15
103 16
103 28
103 36
103 46
103 50
103 60
103 65
103 68
103 73
103 85
103 93
103 94
103 97
103 98
103 107
103 111
103 112
103 114
103 115
103 133
103 136
103 139
103 140
103 146
103 152
103 153
103 156
103 157
103 160
103 168
103 170
103 177
103 178
103 182
103 193
103 196
103 246
103 257
103 258
103 259
103 268
103 277
103 299
103 313
103 318
103 344
103 347
103 350
103 351
103 352
103 353
103 354
103 355
103 356
103 360
103 361
103 371
103 377
103 382
103 385
103 386
103 387
103 420
103 421
103 425
103 429
103 431
103 432
104 4
104 6
104 11
104 20
104 21
104 22
104 23
104 32
104 36
104 39
104 50
104 52
104 61
104 62
104 76
104 85
104 92
104 93
104 107
104 108
104 113
104 152
104 157
104 158
104 160
104 167
104 178
104 194
104 195
104 206
104 214
104 308
104 313
104 328
104 335
104 339
104 360
105 6
105 15
105 26
105 35
105 39
105 50
105 69
105 92
105 152
105 155
105 156
105 185
106 0
106 5
106 6
106 7
106 8
106 10
106 11
106 12
106 13
106 14
106 15
106 16
106 17
106 20
106 21
106 22
106 23
106 28
106 33
106 35
106 37
106 41
106 43
106 50
106 53
106 54
106 55
106 60
106 61
106 62
106 79
106 85
106 93
106 94
106 96
106 97
106 101
106 102
106 103
106 106
106 107
106 121
106 122
106 125
106 138
106 139
106 140
106 143
106 153
106 155
106 157
106 160
106 167
106 178
106 182
106 186
106 187
106 193
106 194
106 195
106 196
106 197
106 204
106 206
106 212
106 214
106 215
106 218
106 220
106 221
106 223
106 227
106 230
106 244
106 245
106 269
106 282
106 283
106 297
106 301
106 313
106 316
106 328
106 329
106 333
106 344
106 362
106 369
106 371
106 373
106 379
106 385
106 386
106 420
106 421
106 433
106 437
106 438
107 10
107 22
107 46
107 48
107 55
107 75
107 101
107 155
107 194
107 220
107 245
107 269
107 316
107 344
108 8
108 10
108 31
108 46
108 74
108 155
108 195
108 221
108 244
108 273
108 308
109 0
109 6
109 8
109 11
109 12
109 13
109 16
109 21
109 22
109 23
109 25
109 32
109 37
109 43
109 50
109 60
109 61
109 85
109 93
109 94
109 97
109 103
109 114
109 121
109 122
109 155
109 178
109 182
109 194
109 195
109 220
109 227
109 247
109 248
109 259
109 260
109 284
109 306
109 316
109 318
109 350
109 379
109 408
110 5
110 6
110 8
110 15
110 22
110 26
110 35
110 36
110 39
110 43
110 44
110 50
110 52
110 68
110 92
110 93
110 94
110 109
110 139
110 140
110 146
110 152
110 157
110 178
110 182
110 191
110 296
110 297
110 298
110 316
110 321
110 344
110 431
110 432
111 0
111 4
111 32
111 60
111 115
111 126
111 177
111 186
111 356
111 371
112 77
112 86
112 89
112 103
112 120
112 253
112 306
112 309
112 310
112 362
113 8
113 10
113 21
113 23
113 31
113 41
113 48
113 55
113 74
113 75
113 121
113 162
113 194
113 195
113 220
113 221
113 244
113 245
113 261
113 264
113 269
113 272
113 281
113 316
113 338
113 339
113 342
113 364
113 384
113 398
113 399
113 404
114 61
114 62
114 132
114 345
115 8
115 10
115 19
115 31
115 75
115 82
115 194
115 195
115 208
115 218
115 220
115 245
115 316
115 330
115 344
115 364
116 8
116 10
116 22
116 23
116 28
116 75
116 81
116 101
116 121
116 159
116 195
116 208
116 261
116 281
116 329
116 330
116 339
116 344
116 364
117 10
117 23
117 74
117 121
117 162
117 194
117 264
117 269
118 74
118 75
118 89
118 194
118 220
118 221
118 230
118 269
118 277
118 293
118 313
119 10
119 43
119 55
119 195
119 357
120 10
120 11
120 12
120 20
120 28
120 31
120 41
120 46
120 48
120 75
120 175
120 192
120 208
120 230
120 294
120 334
120 342
120 387
120 408
121 10
121 43
121 55
121 194
121 218
121 269
121 358
122 162
123 6
123 8
123 11
123 12
123 16
123 18
123 20
123 21
123 22
123 28
123 31
123 37
123 41
123 43
123 48
123 50
123 55
123 65
123 75
123 77
123 85
123 87
123 94
123 97
123 100
123 102
123 103
123 106
123 144
123 170
123 172
123 178
123 192
123 193
123 197
123 206
123 212
123 230
123 344
123 369
123 385
124 0
124 2
124 52
124 60
125 6
125 107
125 183
125 259
125 313
125 377
126 25
126 326
127 6
127 8
127 20
127 33
127 107
127 129
127 165
127 192
127 230
127 284
127 373
128 3
128 28
128 41
128 55
128 155
128 156
128 195
128 282
129 3
129 8
129 22
129 41
129 55
129 96
129 156
129 194
129 404
130 48
130 55
130 195
130 220
130 261
130 273
130 340
130 342
131 25
132 10
132 81
132 158
132 329
132 389
132 416
133 0
133 2
133 25
133 113
133 115
134 4
134 5
134 6
134 10
134 12
134 16
134 20
134 21
134 22
134 23
134 28
134 31
134 34
134 37
134 39
134 40
134 41
134 43
134 46
134 60
134 61
134 65
134 74
134 75
134 82
134 83
134 86
134 90
134 94
134 96
134 101
134 102
134 103
134 106
134 129
134 132
134 153
134 155
134 158
134 162
134 164
134 167
134 170
134 194
134 196
134 197
134 200
134 209
134 212
134 216
134 220
134 221
134 230
134 231
134 232
134 259
134 263
134 264
134 268
134 269
134 273
134 275
134 277
134 284
134 287
134 309
134 313
134 329
134 330
134 331
134 338
134 339
134 341
134 344
134 354
134 362
134 364
134 368
134 374
134 379
134 385
134 394
134 404
134 408
134 416
134 442
135 10
135 17
136 10
137 10
138 10
138 286
139 22
139 224
140 22
140 23
140 81
140 121
140 158
140 194
140 218
140 225
140 226
141 8
141 194
141 195
141 264
141 281
142 8
142 20
142 21
142 23
142 41
142 55
142 75
142 194
142 316
142 342
143 8
143 365
144 8
145 10
145 46
145 220
145 344
146 10
146 12
146 18
146 21
147 10
147 344
148 10
149 8
149 10
149 21
149 195
149 339
150 8
150 22
150 338
150 344
151 101
152 3
152 4
152 5
152 6
152 8
152 9
152 10
152 11
152 12
152 13
152 15
152 16
152 18
152 19
152 20
152 21
152 22
152 23
152 25
152 28
152 29
152 30
152 31
152 33
152 36
152 37
152 38
152 39
152 40
152 41
152 42
152 43
152 45
152 48
152 50
152 55
152 56
152 60
152 61
152 62
152 65
152 66
152 68
152 77
152 80
152 86
152 88
152 90
152 92
152 93
152 94
152 96
152 97
152 102
152 103
152 108
152 110
152 112
152 114
152 115
152 117
152 122
152 128
152 129
152 132
152 138
152 139
152 140
152 147
152 153
152 155
152 167
152 172
152 173
152 175
152 178
152 185
152 190
152 194
152 196
152 208
152 212
152 214
152 216
152 221
152 222
152 230
152 232
152 235
152 236
152 254
152 256
152 268
152 275
152 277
152 282
152 283
152 284
152 285
152 296
152 308
152 313
152 317
152 318
152 374
152 378
152 383
152 385
152 386
152 387
152 408
152 420
152 421
152 422
152 437
153 0
153 2
153 27
153 32
153 53
153 60
153 113
153 127
153 134
153 183
153 186
153 187
153 259
154 219
155 12
155 20
155 25
155 39
155 65
155 94
155 97
155 130
155 153
155 195
155 328
155 339
155 421
155 423
156 21
156 194
156 272
157 81
158 194
159 195
160 81
