161 8 88
0 0
0 26
1 1
2 2
2 13
2 20
3 3
4 4
5 5
5 31
5 57
6 6
7 6
8 7
9 8
10 2
10 9
10 14
11 9
11 14
12 10
13 11
14 2
15 12
15 16
15 17
16 9
16 14
17 13
17 20
18 1
19 6
20 12
20 16
20 17
21 15
22 2
23 15
24 12
25 1
26 2
27 6
28 2
29 18
30 1
31 19
32 1
33 18
34 19
35 6
36 0
36 24
37 0
37 24
38 21
39 22
39 32
39 38
40 22
40 32
40 38
41 22
41 32
41 38
41 53
42 23
42 37
42 43
42 44
42 56
42 61
42 65
42 87
43 23
44 24
44 25
45 21
46 25
47 25
48 25
49 22
49 32
50 22
50 32
50 38
51 27
52 28
52 58
52 71
53 28
54 28
55 28
56 29
57 29
58 29
58 72
59 29
60 29
61 29
62 29
63 29
64 30
65 31
66 33
67 33
68 34
69 35
70 36
71 39
71 63
72 39
73 40
74 41
75 33
76 36
77 42
78 42
79 1
80 6
81 44
82 45
83 46
84 42
85 33
86 47
87 47
88 48
89 48
90 47
91 48
92 48
93 49
94 33
95 50
96 51
97 52
98 53
99 53
100 51
101 54
102 51
103 54
104 55
105 57
106 59
107 60
108 60
109 61
110 62
111 63
112 63
113 64
114 63
115 64
116 66
117 66
118 67
119 67
120 40
121 67
122 33
123 68
123 75
124 69
125 70
126 71
127 72
128 73
129 73
130 74
131 76
132 77
133 78
134 79
135 77
136 77
137 77
138 77
139 80
140 80
141 74
141 84
142 74
142 84
143 74
144 74
145 81
146 81
147 81
148 81
149 82
150 77
151 76
152 83
153 85
154 67
155 86
156 84
157 66
158 66
159 66
160 66
