161 96 111
0 0
0 1
0 2
0 3
0 4
0 5
0 6
0 7
0 8
0 9
0 10
0 11
0 12
0 13
0 14
0 16
0 18
0 19
0 20
0 21
0 22
0 23
0 24
0 25
0 26
0 27
0 28
0 29
0 30
0 32
0 35
0 36
0 37
0 38
0 39
0 40
0 41
0 44
0 45
0 48
0 54
0 56
0 58
0 60
0 72
0 73
0 74
0 75
0 86
0 87
0 95
0 98
1 0
1 1
1 2
1 3
1 4
1 5
1 6
1 7
1 8
1 9
1 10
1 11
1 12
1 13
1 14
1 15
1 16
1 17
1 18
1 19
1 20
1 21
1 22
1 23
1 24
1 25
1 26
1 27
1 28
1 29
1 30
1 31
1 32
1 33
1 34
1 35
1 36
1 37
1 38
1 39
1 40
1 41
1 44
1 45
1 46
1 47
1 48
1 50
1 51
1 52
1 54
1 55
1 56
1 57
1 58
1 60
1 61
1 63
1 66
1 67
1 68
1 69
1 70
1 71
1 72
1 73
1 74
1 77
1 78
1 79
1 80
1 81
1 82
1 83
1 84
1 85
1 86
1 87
1 88
1 90
1 92
1 94
1 97
1 100
1 101
1 102
1 109
2 0
2 1
2 2
2 4
2 5
2 6
2 7
2 8
2 9
2 10
2 11
2 12
2 13
2 15
2 16
2 18
2 19
2 20
2 21
2 22
2 24
2 25
2 26
2 27
2 28
2 29
2 37
2 38
2 39
2 40
2 41
2 44
2 45
2 58
2 71
2 73
2 77
2 85
2 86
2 87
3 0
3 1
3 2
3 3
3 4
3 5
3 6
3 7
3 8
3 9
3 10
3 11
3 12
3 13
3 14
3 15
3 16
3 17
3 18
3 19
3 20
3 21
3 22
3 23
3 24
3 25
3 26
3 27
3 28
3 29
3 30
3 31
3 32
3 33
3 34
3 35
3 36
3 37
3 38
3 39
3 40
3 41
3 42
3 43
3 44
3 45
3 46
3 47
3 48
3 49
3 50
3 51
3 52
3 54
3 56
3 60
3 61
3 62
3 66
3 67
3 70
3 71
3 72
3 73
3 74
3 76
3 77
3 79
3 80
3 81
3 82
3 83
3 84
3 85
3 86
3 87
3 88
3 89
3 90
3 92
3 94
3 96
3 98
3 100
3 101
3 108
3 109
4 0
4 1
4 2
4 3
4 4
4 5
4 6
4 7
4 8
4 9
4 10
4 11
4 12
4 13
4 14
4 15
4 16
4 17
4 18
4 19
4 20
4 21
4 22
4 23
4 24
4 25
4 26
4 27
4 28
4 29
4 30
4 31
4 32
4 33
4 34
4 35
4 36
4 37
4 38
4 39
4 40
4 41
4 42
4 43
4 44
4 45
4 46
4 47
4 48
4 49
4 51
4 52
4 54
4 55
4 56
4 57
4 58
4 59
4 60
4 61
4 62
4 65
4 66
4 67
4 68
4 70
4 72
4 74
4 75
4 76
4 77
4 78
4 79
4 83
4 84
4 85
4 86
4 88
4 89
4 90
4 93
4 94
4 95
4 97
4 99
4 100
4 101
4 102
4 104
4 106
4 107
4 108
4 109
5 0
5 1
5 2
5 3
5 4
5 5
5 6
5 7
5 8
5 9
5 10
5 11
5 12
5 13
5 14
5 15
5 16
5 18
5 19
5 20
5 21
5 22
5 23
5 24
5 25
5 26
5 27
5 28
5 29
5 32
5 34
5 37
5 39
5 40
5 41
5 44
5 45
5 55
5 57
5 58
5 60
5 67
5 69
5 72
5 73
5 74
5 82
5 85
5 86
5 101
5 102
5 103
5 104
5 106
5 109
6 0
6 1
6 2
6 3
6 4
6 5
6 6
6 7
6 8
6 9
6 10
6 11
6 12
6 13
6 14
6 15
6 16
6 18
6 19
6 20
6 21
6 22
6 23
6 24
6 25
6 26
6 27
6 28
6 29
6 32
6 34
6 35
6 36
6 37
6 38
6 40
6 41
6 45
6 47
6 48
6 50
6 54
6 55
6 56
6 58
6 60
6 61
6 66
6 67
6 70
6 72
6 73
6 74
6 75
6 79
6 84
6 89
6 101
6 102
6 107
7 0
7 1
7 2
7 4
7 5
7 6
7 7
7 9
7 11
7 12
7 13
7 15
7 16
7 18
7 20
7 21
7 23
7 24
7 26
7 29
7 35
7 37
7 40
7 44
7 45
7 54
7 56
7 60
7 67
7 73
7 87
8 0
8 1
8 2
8 3
8 4
8 5
8 6
8 7
8 8
8 9
8 10
8 11
8 12
8 13
8 14
8 15
8 16
8 17
8 18
8 19
8 20
8 21
8 22
8 25
8 26
8 27
8 28
8 29
8 30
8 31
8 32
8 33
8 34
8 35
8 36
8 38
8 40
8 41
8 42
8 43
8 44
8 45
8 46
8 47
8 48
8 49
8 50
8 52
8 54
8 56
8 57
8 61
8 62
8 64
8 65
8 66
8 67
8 68
8 70
8 71
8 73
8 76
8 78
8 79
8 80
8 81
8 83
8 84
8 88
8 89
8 90
8 91
8 92
8 93
8 94
8 95
8 97
8 98
8 101
8 109
9 0
9 1
9 2
9 3
9 4
9 5
9 6
9 7
9 8
9 9
9 10
9 11
9 12
9 13
9 14
9 15
9 16
9 17
9 18
9 20
9 21
9 22
9 23
9 24
9 25
9 27
9 28
9 29
9 30
9 31
9 32
9 33
9 34
9 35
9 36
9 37
9 38
9 40
9 41
9 42
9 43
9 44
9 45
9 46
9 47
9 48
9 49
9 51
9 52
9 54
9 56
9 57
9 59
9 62
9 66
9 67
9 68
9 70
9 71
9 72
9 76
9 77
9 78
9 80
9 81
9 83
9 84
9 85
9 86
9 88
9 89
9 90
9 91
9 92
9 94
9 95
9 96
9 97
9 98
9 99
9 100
9 101
9 102
9 108
9 109
10 0
10 1
10 2
10 3
10 4
10 5
10 6
10 7
10 8
10 9
10 10
10 11
10 12
10 13
10 14
10 15
10 16
10 18
10 19
10 20
10 21
10 22
10 23
10 24
10 25
10 26
10 27
10 28
10 29
10 32
10 34
10 37
10 39
10 40
10 41
10 44
10 45
10 46
10 48
10 54
10 55
10 56
10 57
10 67
10 69
10 70
10 72
10 74
10 81
10 82
10 85
10 109
11 0
11 1
11 2
11 4
11 5
11 6
11 7
11 9
11 10
11 11
11 13
11 14
11 15
11 16
11 18
11 20
11 21
11 22
11 24
11 25
11 26
11 27
11 28
11 36
11 37
11 38
11 39
11 40
11 44
11 45
11 47
11 54
11 56
11 60
11 75
11 79
11 87
11 98
12 0
12 1
12 3
12 4
12 5
12 6
12 7
12 8
12 9
12 10
12 12
12 14
12 16
12 17
12 24
12 30
12 31
12 32
12 33
12 34
12 38
12 42
12 43
12 44
12 45
12 46
12 47
12 48
12 51
12 52
12 54
12 56
12 57
12 59
12 62
12 66
12 68
12 70
12 72
12 77
12 78
12 79
12 81
12 84
12 86
12 89
12 91
12 95
12 100
12 101
12 102
12 109
13 0
13 2
13 4
13 5
13 6
13 7
13 8
13 9
13 11
13 13
13 14
13 16
13 18
13 20
13 21
13 22
13 23
13 24
13 25
13 27
13 29
13 37
13 39
13 40
13 45
13 56
13 60
13 70
13 73
13 87
13 94
14 0
14 4
14 5
14 6
14 9
14 15
14 16
14 18
14 21
14 22
14 24
14 25
14 26
14 27
14 82
15 0
15 2
15 4
15 5
15 6
15 8
15 9
15 11
15 12
15 13
15 14
15 15
15 16
15 18
15 21
15 23
15 24
15 25
15 26
15 27
15 29
15 40
15 45
15 55
15 67
15 74
16 0
16 1
16 2
16 3
16 4
16 5
16 6
16 7
16 8
16 9
16 10
16 11
16 12
16 13
16 14
16 15
16 16
16 17
16 18
16 20
16 21
16 22
16 23
16 24
16 25
16 26
16 27
16 28
16 29
16 30
16 31
16 32
16 34
16 36
16 37
16 38
16 39
16 40
16 42
16 44
16 45
16 46
16 47
16 50
16 52
16 58
16 60
16 61
16 62
16 66
16 70
16 71
16 78
16 79
16 81
16 83
16 92
16 109
17 0
17 1
17 2
17 4
17 5
17 6
17 7
17 8
17 9
17 10
17 11
17 12
17 13
17 14
17 15
17 16
17 17
17 18
17 19
17 20
17 21
17 22
17 23
17 24
17 25
17 26
17 27
17 28
17 29
17 30
17 32
17 34
17 37
17 38
17 39
17 40
17 41
17 44
17 45
17 47
17 48
17 55
17 58
17 67
17 70
17 73
17 74
17 75
17 79
17 82
17 107
18 0
18 1
18 2
18 4
18 5
18 6
18 7
18 9
18 10
18 11
18 13
18 14
18 15
18 16
18 17
18 18
18 20
18 21
18 22
18 23
18 24
18 25
18 26
18 27
18 34
18 37
18 38
18 39
18 40
18 41
18 42
18 44
18 45
18 47
18 54
18 57
18 58
18 60
18 67
18 70
18 71
18 72
18 78
18 81
18 86
18 90
18 103
18 104
18 105
18 106
18 107
19 0
19 1
19 2
19 3
19 4
19 5
19 6
19 7
19 8
19 11
19 12
19 13
19 15
19 16
19 18
19 19
19 20
19 21
19 22
19 23
19 24
19 25
19 26
19 27
19 28
19 29
19 40
19 44
19 45
19 48
19 55
19 74
20 0
20 1
20 2
20 4
20 5
20 6
20 9
20 11
20 13
20 14
20 15
20 16
20 18
20 19
20 20
20 21
20 22
20 23
20 25
20 26
20 27
20 28
20 29
20 34
20 39
20 40
20 45
20 55
20 67
20 74
20 88
20 109
21 0
21 1
21 2
21 4
21 5
21 6
21 7
21 8
21 9
21 11
21 12
21 13
21 14
21 16
21 17
21 18
21 20
21 21
21 22
21 23
21 25
21 26
21 27
21 28
21 29
21 40
21 41
21 42
21 45
21 72
22 0
22 1
22 2
22 4
22 5
22 6
22 7
22 8
22 9
22 10
22 11
22 12
22 13
22 14
22 15
22 16
22 19
22 20
22 21
22 22
22 24
22 25
22 26
22 27
22 28
22 32
22 34
22 38
22 39
22 40
22 44
22 47
22 50
22 57
23 0
23 1
23 2
23 4
23 5
23 6
23 7
23 9
23 11
23 13
23 14
23 15
23 16
23 18
23 19
23 20
23 21
23 22
23 23
23 25
23 26
23 27
23 40
23 41
23 46
23 69
23 74
23 82
24 0
24 5
24 6
24 9
24 11
24 15
24 16
24 19
24 21
24 26
24 40
24 55
24 57
24 67
24 73
24 74
25 0
25 4
25 5
25 6
25 7
25 9
25 16
25 20
25 22
25 25
26 3
26 6
26 16
26 20
26 24
26 25
27 0
27 3
27 4
27 6
27 10
27 11
27 24
27 25
28 4
28 5
28 6
28 7
28 8
28 10
28 16
28 18
28 19
28 22
28 23
28 25
28 26
28 34
28 58
28 74
29 0
29 1
29 2
29 3
29 4
29 5
29 6
29 7
29 8
29 9
29 11
29 13
29 14
29 15
29 16
29 18
29 19
29 20
29 21
29 22
29 23
29 24
29 25
29 26
29 27
29 28
29 29
29 36
29 40
29 41
29 45
29 47
29 55
29 67
29 69
29 74
29 75
29 82
30 0
30 2
30 4
30 6
30 7
30 9
30 10
30 11
30 14
30 17
30 22
30 24
30 25
30 27
30 34
30 37
30 44
30 47
30 72
31 3
31 6
31 11
31 16
31 24
32 4
32 5
32 7
32 8
32 13
32 20
32 21
32 41
32 72
32 73
32 101
33 0
33 1
33 2
33 5
33 6
33 7
33 11
33 20
33 22
33 24
33 26
33 27
33 37
33 38
33 39
33 40
34 0
34 3
34 4
34 6
34 7
34 9
34 11
34 21
34 24
34 47
34 93
35 0
35 1
35 2
35 4
35 5
35 6
35 7
35 8
35 9
35 10
35 11
35 12
35 13
35 14
35 15
35 16
35 17
35 18
35 19
35 20
35 21
35 22
35 23
35 24
35 25
35 26
35 27
35 28
35 29
35 30
35 31
35 32
35 33
35 34
35 35
35 36
35 37
35 38
35 39
35 40
35 41
35 43
35 44
35 45
35 46
35 47
35 48
35 50
35 54
35 56
35 57
35 58
35 60
35 61
35 66
35 69
35 70
35 71
35 73
35 74
35 76
35 82
35 85
35 86
35 88
35 92
35 97
35 101
36 0
36 1
36 3
36 4
36 5
36 6
36 7
36 8
36 9
36 10
36 11
36 12
36 13
36 14
36 15
36 16
36 17
36 18
36 19
36 21
36 22
36 23
36 24
36 25
36 26
36 27
36 28
36 29
36 30
36 31
36 32
36 33
36 35
36 36
36 37
36 38
36 40
36 41
36 42
36 43
36 45
36 47
36 48
36 50
36 54
36 58
36 61
36 66
36 70
36 71
36 72
36 74
36 81
36 95
36 96
36 101
36 108
37 0
37 2
37 3
37 4
37 5
37 6
37 7
37 8
37 9
37 10
37 11
37 12
37 13
37 14
37 16
37 18
37 19
37 20
37 21
37 24
37 25
37 26
37 27
37 28
37 29
37 32
37 34
37 35
37 36
37 37
37 38
37 40
37 41
37 42
37 43
37 45
37 47
37 48
37 50
37 54
37 61
37 66
37 70
37 73
37 74
37 92
37 101
38 0
38 1
38 2
38 4
38 5
38 6
38 11
38 13
38 15
38 18
38 19
38 20
38 21
38 22
38 23
38 24
38 25
38 26
38 27
38 28
38 29
38 34
38 37
38 39
38 40
38 67
38 82
38 85
39 0
39 5
39 7
39 8
39 9
39 10
39 13
39 14
39 16
39 17
39 24
39 30
39 31
39 32
39 34
39 36
39 38
39 42
39 43
39 47
39 49
39 52
39 54
39 59
39 61
39 63
39 66
39 68
39 70
39 73
39 76
39 77
39 79
39 81
39 83
39 95
39 109
40 5
40 7
40 8
40 9
40 10
40 13
40 14
40 16
40 30
40 31
40 32
40 36
40 38
40 42
40 47
40 49
40 52
40 54
40 59
40 62
40 63
40 66
40 73
40 76
40 77
40 80
40 81
40 110
41 0
41 3
41 4
41 5
41 6
41 7
41 8
41 9
41 10
41 14
41 16
41 17
41 31
41 34
41 41
41 42
41 47
41 49
41 51
41 60
41 61
41 66
41 70
41 73
41 79
41 81
41 100
42 0
42 1
42 2
42 3
42 4
42 5
42 6
42 7
42 8
42 9
42 10
42 11
42 12
42 13
42 14
42 15
42 16
42 17
42 19
42 20
42 21
42 22
42 23
42 24
42 25
42 26
42 27
42 28
42 29
42 30
42 31
42 32
42 33
42 34
42 35
42 36
42 37
42 38
42 39
42 40
42 41
42 42
42 43
42 44
42 45
42 46
42 47
42 48
42 49
42 50
42 51
42 52
42 53
42 54
42 55
42 56
42 57
42 59
42 60
42 61
42 62
42 66
42 67
42 68
42 70
42 71
42 72
42 73
42 75
42 76
42 77
42 78
42 79
42 80
42 81
42 82
42 83
42 84
42 85
42 86
42 87
42 88
42 89
42 90
42 92
42 93
42 94
42 95
42 96
42 97
42 98
42 99
42 101
42 102
42 108
42 109
43 0
43 1
43 4
43 5
43 6
43 7
43 8
43 9
43 10
43 12
43 14
43 16
43 17
43 30
43 31
43 32
43 33
43 34
43 38
43 40
43 44
43 47
43 48
43 52
43 89
44 0
44 2
44 3
44 4
44 5
44 6
44 7
44 8
44 9
44 10
44 11
44 13
44 16
44 18
44 20
44 21
44 22
44 24
44 25
44 26
44 27
44 29
44 37
44 39
44 40
44 44
44 45
44 47
44 54
44 60
44 73
44 74
44 86
44 87
44 95
44 98
45 4
45 5
45 6
45 23
45 24
45 26
45 40
45 44
45 74
45 101
46 0
46 1
46 3
46 4
46 5
46 6
46 7
46 8
46 9
46 10
46 11
46 12
46 13
46 14
46 16
46 18
46 20
46 21
46 22
46 23
46 24
46 25
46 26
46 27
46 29
46 30
46 32
46 35
46 37
46 40
46 41
46 45
46 47
46 52
46 55
46 60
46 61
46 62
46 66
46 71
46 74
46 93
46 94
46 96
46 101
47 0
47 1
47 2
47 3
47 4
47 5
47 6
47 7
47 8
47 9
47 10
47 11
47 12
47 13
47 14
47 15
47 16
47 17
47 18
47 19
47 20
47 21
47 22
47 23
47 24
47 25
47 26
47 27
47 28
47 29
47 30
47 31
47 32
47 33
47 34
47 35
47 36
47 37
47 38
47 39
47 40
47 41
47 42
47 43
47 44
47 45
47 46
47 47
47 48
47 49
47 50
47 51
47 52
47 54
47 56
47 57
47 58
47 59
47 61
47 62
47 63
47 65
47 66
47 67
47 68
47 69
47 70
47 71
47 72
47 73
47 74
47 75
47 76
47 77
47 78
47 79
47 80
47 81
47 82
47 83
47 84
47 88
47 89
47 90
47 92
47 93
47 94
47 96
47 97
47 98
47 101
47 102
47 109
48 0
48 2
48 3
48 4
48 5
48 6
48 7
48 8
48 9
48 11
48 14
48 16
48 18
48 20
48 21
48 22
48 24
48 25
48 26
48 27
48 29
48 30
48 34
48 35
48 37
48 40
48 43
48 45
48 47
48 54
48 56
48 57
48 60
48 66
48 72
48 74
48 83
48 92
49 1
49 4
49 6
49 7
49 8
49 9
49 10
49 13
49 16
49 30
49 32
49 33
49 37
49 54
49 57
49 66
49 70
49 101
50 0
50 4
50 5
50 6
50 7
50 8
50 16
50 34
50 36
50 62
50 68
50 70
50 95
51 0
51 1
51 2
51 4
51 5
51 6
51 7
51 8
51 9
51 10
51 13
51 14
51 16
51 24
51 30
51 32
51 33
51 34
51 36
51 42
51 43
51 44
51 47
51 48
51 52
51 61
51 66
51 68
51 70
51 72
51 81
51 100
51 101
52 1
52 5
52 8
52 9
52 13
52 16
52 32
52 70
52 73
52 75
52 81
53 0
53 2
53 3
53 4
53 5
53 6
53 8
53 10
53 13
53 14
53 18
53 20
53 22
53 32
53 34
53 35
53 36
53 37
53 38
53 39
53 41
53 45
53 47
53 70
53 78
53 81
53 92
54 0
54 2
54 7
54 8
54 11
54 13
54 37
54 38
54 60
55 0
55 1
55 7
55 10
55 13
55 32
55 34
55 38
55 62
55 70
55 81
55 84
56 0
56 2
56 4
56 6
56 7
56 9
56 10
56 17
56 26
56 34
56 37
56 39
56 44
56 54
56 60
57 0
57 4
57 5
57 6
57 7
57 8
57 9
57 10
57 13
57 14
57 15
57 16
57 22
57 24
57 30
57 32
57 34
57 36
57 37
57 40
57 44
57 45
57 47
57 48
57 51
57 52
57 54
57 56
57 61
57 62
57 66
57 70
57 76
57 77
57 83
57 84
57 93
57 101
58 1
58 4
58 5
58 6
58 7
58 8
58 9
58 10
58 13
58 14
58 16
58 17
58 31
58 32
58 33
58 34
58 38
58 42
58 47
58 49
58 51
58 52
58 57
58 61
58 65
58 66
58 68
58 70
58 76
58 77
58 78
58 79
58 80
58 86
58 95
58 96
58 100
59 5
59 7
59 8
59 9
59 10
59 13
59 16
59 30
59 31
59 37
59 38
59 42
59 43
59 47
59 49
59 52
59 54
59 59
59 62
59 68
59 70
59 73
59 76
59 77
59 79
59 81
59 95
59 96
60 4
60 5
60 7
60 8
60 10
60 16
60 30
60 32
60 34
60 42
60 54
60 65
60 66
60 81
60 100
61 0
61 1
61 4
61 5
61 6
61 7
61 8
61 9
61 10
61 14
61 16
61 17
61 32
61 34
61 36
61 38
61 42
61 44
61 46
61 47
61 54
61 59
61 61
61 70
61 81
61 109
62 0
62 7
62 8
62 9
62 10
62 13
62 16
62 31
62 32
62 38
62 42
62 43
62 47
62 51
62 52
62 54
62 59
62 62
62 73
62 76
62 79
62 80
62 81
62 95
62 100
63 4
63 7
63 8
63 9
63 10
63 14
63 16
63 38
63 42
63 68
63 100
64 0
64 2
64 4
64 6
64 9
64 11
64 14
64 20
64 21
64 22
64 24
64 27
64 29
64 37
64 39
64 44
64 72
64 94
65 0
65 4
65 5
65 6
65 7
65 9
65 10
65 11
65 16
65 18
65 20
65 21
65 22
65 26
65 27
65 34
65 39
65 41
65 45
65 73
66 3
66 7
66 8
66 9
66 10
66 16
66 30
66 38
66 42
66 43
66 47
66 52
66 54
66 59
66 70
66 77
66 79
66 83
66 95
66 100
67 7
67 9
67 10
67 17
67 38
67 43
67 52
67 77
67 79
67 96
67 100
68 0
68 2
68 4
68 5
68 6
68 7
68 9
68 10
68 11
68 16
68 24
68 25
68 37
68 39
68 44
68 45
68 47
68 54
68 60
68 70
68 75
68 86
68 94
69 0
69 1
69 3
69 4
69 5
69 6
69 7
69 8
69 9
69 10
69 13
69 14
69 15
69 16
69 21
69 24
69 25
69 26
69 32
69 34
69 35
69 36
69 37
69 38
69 40
69 41
69 45
69 46
69 47
69 48
69 49
69 50
69 52
69 54
69 57
69 64
69 68
69 70
69 71
69 72
69 73
69 75
69 77
69 78
69 81
69 85
69 89
69 90
69 92
69 95
69 101
69 102
69 109
70 0
70 2
70 4
70 5
70 6
70 11
70 14
70 20
70 21
70 22
70 25
70 27
70 37
70 40
70 45
70 57
70 73
71 4
71 5
71 6
71 7
71 9
71 13
71 14
71 16
71 21
71 25
71 26
71 34
71 38
71 40
71 41
71 44
71 47
71 61
71 66
71 70
71 71
71 80
71 81
71 83
71 85
71 92
72 5
72 6
72 8
72 9
72 10
72 11
72 14
72 16
72 18
72 21
72 24
72 26
72 35
72 36
72 45
72 48
72 54
72 61
72 64
72 101
73 0
73 5
73 7
73 8
73 10
73 11
73 13
73 14
73 16
73 34
73 37
73 38
73 41
73 44
73 47
73 51
73 66
73 84
73 90
74 6
74 8
74 21
74 23
74 37
74 52
74 57
74 62
74 101
74 109
75 6
75 7
75 8
75 43
75 54
76 5
76 6
76 7
76 10
76 21
76 22
76 27
76 28
76 32
76 45
76 70
77 3
77 4
77 5
77 6
77 8
77 9
77 10
77 11
77 12
77 13
77 14
77 16
77 20
77 21
77 26
77 27
77 33
77 35
77 36
77 40
77 45
77 50
77 54
77 55
77 58
77 70
77 73
77 74
77 77
77 84
77 101
78 0
78 4
78 5
78 6
78 9
78 10
78 11
78 26
78 37
78 54
78 60
78 72
78 87
78 101
79 0
79 1
79 5
79 6
79 7
79 9
79 10
79 16
79 17
79 24
79 31
79 34
79 41
79 44
79 46
79 47
79 48
79 52
79 56
79 57
79 62
79 81
79 102
80 5
80 6
80 7
80 8
80 9
80 13
80 14
80 16
80 25
80 26
80 36
80 40
80 47
80 50
80 54
80 61
80 64
80 74
80 101
80 102
81 0
81 1
81 5
81 6
81 10
81 16
81 33
81 39
81 53
81 72
82 0
82 1
82 4
82 5
82 6
82 7
82 9
82 10
82 13
82 16
82 20
82 21
82 26
82 34
82 37
82 38
82 39
82 40
82 44
82 47
82 58
82 62
82 66
82 70
82 74
82 78
82 82
82 86
82 92
83 6
83 11
83 21
83 29
83 39
84 1
84 3
84 4
84 5
84 6
84 9
84 11
84 18
84 21
84 23
84 24
84 25
84 26
84 29
84 35
84 40
84 45
84 61
84 67
84 74
85 8
85 54
85 73
85 77
86 7
86 8
86 10
86 17
86 32
86 37
86 38
86 46
86 54
86 70
87 13
87 54
88 0
88 1
88 4
88 5
88 6
88 7
88 10
88 11
88 12
88 14
88 15
88 16
88 17
88 21
88 22
88 24
88 25
88 26
88 34
88 39
88 40
88 41
88 44
88 45
88 47
88 48
88 54
88 55
88 56
88 57
88 67
88 72
88 73
88 74
88 79
88 85
89 1
89 4
89 5
89 6
89 7
89 8
89 10
89 12
89 14
89 16
89 17
89 21
89 24
89 25
89 26
89 27
89 31
89 32
89 33
89 34
89 36
89 38
89 41
89 43
89 44
89 45
89 47
89 48
89 52
89 54
89 57
89 59
89 61
89 62
89 63
89 66
89 67
89 68
89 70
89 71
89 76
89 77
89 79
89 83
89 101
89 102
89 109
90 0
90 2
90 4
90 5
90 7
90 9
90 10
90 13
90 16
90 26
90 31
90 36
90 38
90 44
90 47
90 49
90 52
90 54
90 70
90 74
90 78
90 81
90 84
90 109
91 0
91 6
91 7
91 13
91 14
91 54
92 0
92 1
92 3
92 4
92 6
92 7
92 16
92 17
92 24
92 33
92 37
92 44
92 45
92 60
92 86
93 4
93 6
93 13
93 32
93 38
93 47
93 54
93 61
93 71
93 76
93 77
93 81
93 83
93 93
94 10
95 0
95 1
95 4
95 5
95 6
95 7
95 9
95 10
95 13
95 14
95 16
95 17
95 21
95 26
95 30
95 34
95 38
95 44
95 45
95 46
95 47
95 48
95 50
95 54
95 61
95 62
95 64
95 66
95 69
95 70
95 74
95 76
95 77
95 79
95 80
95 81
95 83
95 85
95 90
95 100
95 101
96 0
96 2
96 4
96 5
96 6
96 7
96 10
96 11
96 20
96 22
96 24
96 25
96 34
96 37
96 38
96 39
96 44
96 45
96 47
96 52
96 54
96 60
96 61
96 62
96 66
96 68
96 75
96 81
97 5
97 6
97 10
97 13
97 16
97 17
97 52
97 56
97 70
97 78
98 7
98 10
98 47
98 63
98 70
99 8
99 10
99 16
99 47
99 63
99 76
100 0
100 7
100 8
100 9
100 13
100 14
100 38
100 44
100 47
100 62
100 66
100 79
100 100
101 0
101 1
101 3
101 4
101 5
101 6
101 7
101 8
101 12
101 13
101 14
101 15
101 16
101 17
101 18
101 20
101 21
101 22
101 25
101 26
101 28
101 34
101 35
101 36
101 37
101 38
101 39
101 40
101 41
101 44
101 45
101 47
101 48
101 50
101 52
101 57
101 60
101 61
101 65
101 67
101 70
101 72
101 74
101 76
101 78
101 84
101 85
101 86
101 88
101 89
101 90
101 92
101 94
101 101
101 102
101 103
101 104
101 105
101 106
101 107
101 109
102 5
102 7
102 9
102 13
102 16
102 22
102 38
102 47
102 54
102 61
102 62
102 66
102 71
102 79
102 100
103 0
103 1
103 4
103 5
103 6
103 7
103 9
103 11
103 12
103 15
103 16
103 17
103 19
103 20
103 21
103 24
103 26
103 34
103 36
103 39
103 40
103 41
103 44
103 45
103 48
103 54
103 57
103 60
103 61
103 66
103 67
103 72
103 74
103 81
103 83
103 84
103 85
103 86
103 90
103 101
103 102
103 103
103 104
103 105
103 106
103 107
104 0
104 4
104 5
104 6
104 7
104 9
104 10
104 13
104 14
104 17
104 19
104 21
104 24
104 25
104 26
104 34
104 37
104 41
104 43
104 45
104 47
104 48
104 70
104 72
104 74
104 76
104 78
104 84
105 4
105 5
105 6
105 11
105 18
105 20
105 21
105 23
105 26
105 27
105 41
106 0
106 1
106 2
106 4
106 5
106 6
106 7
106 8
106 9
106 10
106 11
106 13
106 14
106 16
106 17
106 18
106 24
106 25
106 26
106 27
106 28
106 34
106 38
106 40
106 41
106 44
106 45
106 47
106 48
106 52
106 54
106 61
106 62
106 63
106 66
106 67
106 70
106 72
106 73
106 74
106 76
106 77
106 78
106 81
106 84
106 86
106 88
106 90
106 101
106 108
106 109
107 5
107 7
107 8
107 10
107 13
107 14
107 47
107 54
107 62
107 63
107 73
107 76
107 81
108 5
108 7
108 8
108 10
108 47
108 54
108 62
108 63
108 70
109 0
109 1
109 4
109 5
109 6
109 7
109 9
109 10
109 12
109 16
109 24
109 26
109 36
109 37
109 38
109 45
109 47
109 54
109 66
109 70
109 73
109 74
109 76
109 85
109 90
110 0
110 4
110 5
110 6
110 7
110 11
110 15
110 16
110 18
110 19
110 20
110 21
110 26
110 34
110 40
110 41
110 45
110 67
110 69
110 73
110 81
110 103
110 104
110 107
111 0
111 4
111 24
111 37
111 39
111 44
111 60
111 86
112 10
112 32
112 38
112 70
112 84
112 92
113 7
113 8
113 9
113 10
113 14
113 38
113 43
113 47
113 54
113 59
113 61
113 62
113 63
113 66
113 70
113 71
113 73
113 76
113 79
113 95
114 16
114 24
114 25
114 82
115 7
115 8
115 10
115 30
115 38
115 47
115 51
115 52
115 54
115 63
115 73
115 76
115 77
115 81
116 7
116 8
116 9
116 10
116 13
116 16
116 30
116 38
116 43
116 47
116 51
116 59
116 66
116 76
116 77
116 81
117 8
117 9
117 10
117 38
117 43
117 47
117 59
117 62
118 5
118 10
118 32
118 47
118 52
118 62
118 66
118 68
118 72
119 8
119 14
119 16
119 47
119 80
120 5
120 7
120 8
120 9
120 10
120 14
120 16
120 44
120 46
120 51
120 68
120 78
120 79
121 8
121 14
121 16
121 47
121 52
121 62
121 80
122 43
123 0
123 1
123 5
123 6
123 7
123 8
123 9
123 10
123 14
123 16
123 25
123 26
123 34
123 44
123 45
123 47
123 48
123 81
124 0
124 2
124 24
125 4
125 6
125 34
125 60
125 72
125 90
126 0
126 75
127 1
127 5
127 6
127 7
127 14
127 17
127 34
127 44
127 66
127 88
128 3
128 5
128 8
128 14
128 16
128 47
128 61
129 3
129 5
129 7
129 8
129 14
129 16
129 38
129 47
130 10
130 14
130 47
130 52
130 59
130 62
130 77
130 79
131 0
132 8
132 43
132 77
132 93
132 100
133 0
133 2
133 37
134 1
134 4
134 5
134 6
134 7
134 8
134 9
134 10
134 12
134 13
134 14
134 16
134 17
134 21
134 24
134 26
134 30
134 31
134 32
134 34
134 37
134 38
134 41
134 43
134 44
134 47
134 48
134 49
134 54
134 59
134 61
134 62
134 66
134 70
134 72
134 76
134 77
134 81
134 84
134 85
134 89
134 90
134 95
134 100
135 8
135 13
136 8
137 8
138 8
138 62
139 7
139 52
140 7
140 9
140 43
140 47
140 52
140 70
141 7
141 47
141 59
141 66
142 7
142 8
142 9
142 10
142 14
142 47
142 73
142 79
143 7
143 78
144 7
145 7
145 8
145 63
145 81
146 8
146 10
147 8
147 81
148 8
149 7
149 8
149 10
149 47
149 76
150 7
150 76
150 81
151 13
152 0
152 1
152 2
152 3
152 4
152 5
152 6
152 7
152 8
152 9
152 10
152 11
152 12
152 13
152 14
152 15
152 16
152 17
152 18
152 19
152 20
152 21
152 22
152 23
152 24
152 25
152 26
152 29
152 32
152 34
152 35
152 36
152 37
152 38
152 40
152 41
152 45
152 46
152 47
152 48
152 51
152 54
152 55
152 56
152 60
152 61
152 66
152 69
152 70
152 72
152 74
152 76
152 82
152 89
152 90
152 101
152 108
153 0
153 2
153 4
153 13
153 24
153 37
153 39
153 44
153 60
154 52
155 0
155 1
155 10
155 14
155 16
155 21
155 26
155 41
155 47
155 74
155 76
155 101
155 102
156 10
156 47
156 61
157 43
158 47
159 47
160 30
