88 98 111
0 0
0 1
0 2
0 3
0 4
0 5
0 6
0 7
0 8
0 9
0 10
0 11
0 12
0 13
0 14
0 15
0 16
0 17
0 18
0 19
0 20
0 21
0 22
0 23
0 24
0 25
0 26
0 27
0 28
0 29
0 30
0 31
0 32
0 33
0 34
0 35
0 36
0 37
0 38
0 39
0 40
0 41
0 42
0 43
0 44
0 45
0 47
0 48
0 50
0 54
0 56
0 58
0 60
0 61
0 66
0 70
0 71
0 72
0 73
0 74
0 75
0 81
0 86
0 87
0 92
0 95
0 96
0 98
0 101
0 108
1 0
1 1
1 2
1 3
1 4
1 5
1 6
1 7
1 8
1 9
1 10
1 11
1 12
1 13
1 14
1 15
1 16
1 17
1 18
1 19
1 20
1 21
1 22
1 23
1 24
1 25
1 26
1 27
1 28
1 29
1 30
1 31
1 32
1 33
1 34
1 35
1 36
1 37
1 38
1 39
1 40
1 41
1 42
1 44
1 45
1 46
1 47
1 48
1 50
1 51
1 52
1 54
1 55
1 56
1 57
1 58
1 60
1 61
1 62
1 63
1 66
1 67
1 68
1 69
1 70
1 71
1 72
1 73
1 74
1 77
1 78
1 79
1 80
1 81
1 82
1 83
1 84
1 85
1 86
1 87
1 88
1 90
1 92
1 94
1 97
1 100
1 101
1 102
1 103
1 104
1 105
1 106
1 107
1 109
2 0
2 1
2 2
2 3
2 4
2 5
2 6
2 7
2 8
2 9
2 10
2 11
2 12
2 13
2 14
2 15
2 16
2 18
2 19
2 20
2 21
2 22
2 23
2 24
2 25
2 26
2 27
2 28
2 29
2 32
2 34
2 37
2 38
2 39
2 40
2 41
2 44
2 45
2 47
2 50
2 57
2 58
2 67
2 69
2 71
2 73
2 74
2 77
2 82
2 85
2 86
2 87
2 109
3 0
3 1
3 2
3 3
3 4
3 5
3 6
3 7
3 8
3 9
3 10
3 11
3 12
3 13
3 14
3 15
3 16
3 17
3 18
3 19
3 20
3 21
3 22
3 23
3 24
3 25
3 26
3 27
3 28
3 29
3 30
3 31
3 32
3 33
3 34
3 35
3 36
3 37
3 38
3 39
3 40
3 41
3 42
3 43
3 44
3 45
3 46
3 47
3 48
3 49
3 50
3 51
3 52
3 54
3 56
3 60
3 61
3 62
3 66
3 67
3 70
3 71
3 72
3 73
3 74
3 76
3 77
3 79
3 80
3 81
3 82
3 83
3 84
3 85
3 86
3 87
3 88
3 89
3 90
3 92
3 94
3 96
3 98
3 100
3 101
3 108
3 109
4 0
4 1
4 2
4 3
4 4
4 5
4 6
4 7
4 8
4 9
4 10
4 11
4 12
4 13
4 14
4 15
4 16
4 17
4 18
4 19
4 20
4 21
4 22
4 23
4 24
4 25
4 26
4 27
4 28
4 29
4 30
4 31
4 32
4 33
4 34
4 35
4 36
4 37
4 38
4 39
4 40
4 41
4 42
4 43
4 44
4 45
4 46
4 47
4 48
4 49
4 51
4 52
4 54
4 55
4 56
4 57
4 58
4 59
4 60
4 61
4 62
4 65
4 66
4 67
4 68
4 70
4 72
4 74
4 75
4 76
4 77
4 78
4 79
4 83
4 84
4 85
4 86
4 88
4 89
4 90
4 93
4 94
4 95
4 97
4 99
4 100
4 101
4 102
4 104
4 106
4 107
4 108
4 109
5 0
5 1
5 2
5 3
5 4
5 5
5 6
5 7
5 8
5 9
5 10
5 11
5 12
5 13
5 14
5 15
5 16
5 18
5 19
5 20
5 21
5 22
5 23
5 24
5 25
5 26
5 27
5 28
5 29
5 32
5 34
5 37
5 39
5 40
5 41
5 44
5 45
5 55
5 57
5 58
5 60
5 67
5 69
5 72
5 73
5 74
5 82
5 85
5 86
5 101
5 102
5 103
5 104
5 106
5 109
6 0
6 1
6 2
6 3
6 4
6 5
6 6
6 7
6 8
6 9
6 10
6 11
6 12
6 13
6 14
6 15
6 16
6 17
6 18
6 19
6 20
6 21
6 22
6 23
6 24
6 25
6 26
6 27
6 28
6 29
6 30
6 31
6 32
6 33
6 34
6 35
6 36
6 37
6 38
6 39
6 40
6 41
6 43
6 44
6 45
6 46
6 47
6 48
6 50
6 54
6 55
6 56
6 57
6 58
6 60
6 61
6 64
6 66
6 67
6 69
6 70
6 71
6 72
6 73
6 74
6 75
6 76
6 79
6 82
6 84
6 85
6 86
6 87
6 88
6 89
6 92
6 97
6 101
6 102
6 107
7 0
7 1
7 2
7 3
7 4
7 5
7 6
7 7
7 8
7 9
7 10
7 11
7 12
7 13
7 14
7 15
7 16
7 17
7 18
7 19
7 20
7 21
7 22
7 25
7 26
7 27
7 28
7 29
7 30
7 31
7 32
7 33
7 34
7 35
7 36
7 38
7 40
7 41
7 42
7 43
7 44
7 45
7 46
7 47
7 48
7 49
7 50
7 52
7 54
7 56
7 57
7 61
7 62
7 64
7 65
7 66
7 67
7 68
7 70
7 71
7 73
7 76
7 78
7 79
7 80
7 81
7 83
7 84
7 88
7 89
7 90
7 91
7 92
7 93
7 94
7 95
7 97
7 98
7 101
7 109
8 0
8 1
8 2
8 3
8 4
8 5
8 6
8 7
8 8
8 9
8 10
8 11
8 12
8 13
8 14
8 15
8 16
8 17
8 18
8 20
8 21
8 22
8 23
8 24
8 25
8 27
8 28
8 29
8 30
8 31
8 32
8 33
8 34
8 35
8 36
8 37
8 38
8 40
8 41
8 42
8 43
8 44
8 45
8 46
8 47
8 48
8 49
8 51
8 52
8 54
8 56
8 57
8 59
8 62
8 66
8 67
8 68
8 70
8 71
8 72
8 76
8 77
8 78
8 80
8 81
8 83
8 84
8 85
8 86
8 88
8 89
8 90
8 91
8 92
8 94
8 95
8 96
8 97
8 98
8 99
8 100
8 101
8 102
8 108
8 109
9 0
9 1
9 2
9 3
9 4
9 5
9 6
9 7
9 8
9 9
9 10
9 11
9 13
9 14
9 15
9 16
9 18
9 19
9 20
9 21
9 22
9 23
9 24
9 25
9 26
9 27
9 28
9 29
9 30
9 31
9 32
9 36
9 37
9 38
9 39
9 40
9 42
9 44
9 45
9 46
9 47
9 48
9 50
9 52
9 54
9 55
9 56
9 58
9 60
9 61
9 62
9 66
9 67
9 69
9 70
9 71
9 75
9 78
9 79
9 81
9 82
9 83
9 87
9 92
9 109
10 0
10 1
10 3
10 4
10 5
10 6
10 7
10 8
10 9
10 10
10 12
10 14
10 16
10 17
10 24
10 30
10 31
10 32
10 33
10 34
10 38
10 42
10 43
10 44
10 45
10 46
10 47
10 48
10 51
10 52
10 54
10 56
10 57
10 59
10 62
10 66
10 68
10 70
10 72
10 77
10 78
10 79
10 81
10 84
10 86
10 89
10 91
10 95
10 100
10 101
10 102
10 109
11 0
11 2
11 4
11 5
11 6
11 7
11 8
11 9
11 11
11 13
11 14
11 16
11 18
11 20
11 21
11 22
11 23
11 24
11 25
11 27
11 29
11 37
11 39
11 40
11 45
11 56
11 60
11 70
11 73
11 87
11 94
12 0
12 1
12 2
12 4
12 5
12 6
12 9
12 11
12 12
12 13
12 14
12 15
12 16
12 18
12 19
12 21
12 22
12 23
12 24
12 25
12 26
12 28
12 29
12 34
12 40
12 45
12 55
12 57
12 67
12 73
12 74
12 109
13 0
13 1
13 2
13 4
13 5
13 6
13 7
13 8
13 9
13 10
13 11
13 13
13 14
13 15
13 16
13 17
13 18
13 19
13 20
13 21
13 22
13 23
13 24
13 25
13 26
13 27
13 28
13 29
13 30
13 32
13 34
13 37
13 38
13 39
13 40
13 41
13 44
13 45
13 47
13 48
13 55
13 58
13 67
13 70
13 73
13 74
13 75
13 79
13 82
13 85
13 107
14 0
14 1
14 2
14 4
14 5
14 6
14 7
14 8
14 9
14 10
14 11
14 12
14 13
14 14
14 15
14 16
14 17
14 18
14 19
14 20
14 21
14 22
14 23
14 24
14 25
14 26
14 27
14 28
14 29
14 34
14 37
14 39
14 40
14 41
14 42
14 45
14 46
14 56
14 67
14 72
14 98
15 0
15 1
15 2
15 4
15 5
15 6
15 7
15 8
15 9
15 11
15 12
15 13
15 14
15 15
15 16
15 17
15 18
15 19
15 20
15 21
15 22
15 23
15 25
15 26
15 27
15 28
15 29
15 40
15 41
15 42
15 45
15 46
15 69
15 72
15 74
15 82
16 0
16 1
16 2
16 4
16 5
16 6
16 8
16 9
16 11
16 13
16 14
16 15
16 16
16 18
16 19
16 20
16 21
16 22
16 23
16 25
16 26
16 27
16 28
16 29
16 39
16 40
16 45
16 55
16 67
16 88
16 109
17 0
17 1
17 2
17 4
17 5
17 6
17 9
17 11
17 14
17 15
17 16
17 18
17 19
17 20
17 21
17 22
17 25
17 26
17 27
17 28
17 29
17 40
17 67
18 0
18 1
18 2
18 3
18 4
18 5
18 6
18 7
18 8
18 9
18 11
18 13
18 14
18 15
18 16
18 18
18 19
18 20
18 21
18 22
18 23
18 24
18 25
18 26
18 27
18 28
18 29
18 36
18 37
18 38
18 39
18 40
18 41
18 45
18 47
18 55
18 67
18 69
18 74
18 75
18 82
19 0
19 3
19 4
19 6
19 7
19 9
19 11
19 16
19 21
19 24
19 47
19 93
20 0
20 1
20 2
20 4
20 5
20 6
20 7
20 8
20 9
20 10
20 11
20 12
20 13
20 14
20 15
20 16
20 17
20 18
20 20
20 21
20 22
20 23
20 24
20 25
20 26
20 27
20 28
20 29
20 32
20 34
20 37
20 38
20 39
20 40
20 41
20 45
20 74
21 0
21 1
21 2
21 4
21 5
21 6
21 11
21 13
21 15
21 18
21 19
21 20
21 21
21 22
21 23
21 24
21 25
21 26
21 27
21 28
21 29
21 34
21 37
21 39
21 40
21 44
21 67
21 74
21 82
21 85
21 101
22 0
22 3
22 4
22 5
22 6
22 7
22 8
22 9
22 10
22 13
22 14
22 16
22 17
22 24
22 30
22 31
22 32
22 33
22 34
22 36
22 37
22 38
22 41
22 42
22 43
22 47
22 49
22 51
22 52
22 54
22 57
22 60
22 61
22 62
22 63
22 66
22 68
22 70
22 73
22 76
22 77
22 79
22 80
22 81
22 83
22 95
22 100
22 101
22 109
22 110
23 0
23 1
23 3
23 4
23 5
23 6
23 7
23 8
23 9
23 10
23 11
23 12
23 13
23 14
23 15
23 16
23 17
23 19
23 20
23 22
23 24
23 25
23 26
23 27
23 28
23 29
23 30
23 31
23 32
23 33
23 34
23 36
23 38
23 40
23 41
23 43
23 44
23 45
23 46
23 47
23 48
23 49
23 52
23 53
23 54
23 57
23 66
23 67
23 70
23 72
23 73
23 77
23 79
23 85
23 88
23 89
23 101
23 109
24 0
24 2
24 3
24 4
24 5
24 6
24 8
24 9
24 10
24 11
24 12
24 13
24 14
24 16
24 18
24 20
24 21
24 24
24 25
24 26
24 30
24 35
24 37
24 38
24 39
24 44
24 45
24 47
24 60
24 61
24 74
24 92
24 95
24 101
25 0
25 1
25 2
25 3
25 4
25 5
25 6
25 7
25 8
25 9
25 10
25 11
25 12
25 13
25 14
25 15
25 16
25 17
25 18
25 19
25 20
25 21
25 22
25 23
25 24
25 25
25 26
25 27
25 28
25 29
25 30
25 31
25 32
25 33
25 34
25 35
25 36
25 37
25 38
25 39
25 40
25 41
25 42
25 43
25 44
25 45
25 46
25 47
25 48
25 49
25 50
25 51
25 52
25 54
25 55
25 56
25 57
25 58
25 59
25 60
25 61
25 62
25 63
25 65
25 66
25 67
25 68
25 69
25 70
25 71
25 72
25 73
25 74
25 75
25 76
25 77
25 78
25 79
25 80
25 81
25 82
25 83
25 84
25 86
25 87
25 88
25 89
25 90
25 92
25 93
25 94
25 95
25 96
25 97
25 98
25 101
25 102
25 109
26 0
26 1
26 2
26 3
26 4
26 5
26 6
26 7
26 8
26 9
26 10
26 11
26 13
26 16
26 20
26 21
26 24
26 25
26 26
26 32
26 37
26 39
26 40
26 41
26 44
26 45
26 58
26 60
26 72
26 73
26 86
26 87
27 0
27 1
27 2
27 4
27 5
27 6
27 7
27 8
27 9
27 10
27 13
27 14
27 16
27 24
27 30
27 32
27 33
27 34
27 36
27 42
27 43
27 44
27 47
27 48
27 52
27 61
27 66
27 68
27 70
27 72
27 81
27 100
27 101
28 0
28 1
28 2
28 3
28 4
28 5
28 6
28 7
28 8
28 9
28 10
28 11
28 13
28 14
28 16
28 18
28 20
28 22
28 32
28 34
28 35
28 36
28 37
28 38
28 39
28 41
28 45
28 47
28 60
28 62
28 70
28 73
28 78
28 81
28 84
28 92
29 0
29 1
29 2
29 4
29 5
29 6
29 7
29 8
29 9
29 10
29 13
29 14
29 15
29 16
29 17
29 22
29 24
29 26
29 30
29 31
29 32
29 33
29 34
29 36
29 37
29 38
29 39
29 40
29 42
29 43
29 44
29 45
29 46
29 47
29 48
29 49
29 51
29 52
29 54
29 56
29 57
29 59
29 60
29 61
29 62
29 65
29 66
29 68
29 70
29 73
29 76
29 77
29 78
29 79
29 80
29 81
29 83
29 84
29 86
29 93
29 95
29 96
29 100
29 101
29 109
30 0
30 2
30 4
30 6
30 9
30 11
30 14
30 20
30 21
30 22
30 24
30 27
30 29
30 37
30 39
30 44
30 72
30 94
31 0
31 1
31 4
31 5
31 6
31 7
31 8
31 9
31 10
31 11
31 12
31 14
31 15
31 16
31 18
31 20
31 21
31 22
31 25
31 26
31 27
31 29
31 32
31 34
31 39
31 40
31 41
31 45
31 73
31 82
32 1
32 5
32 7
32 8
32 9
32 10
32 13
32 14
32 16
32 17
32 30
32 32
32 34
32 36
32 38
32 42
32 47
32 54
32 59
32 66
32 70
32 76
32 77
32 79
32 81
33 3
33 6
33 7
33 8
33 9
33 10
33 16
33 17
33 30
33 38
33 42
33 43
33 47
33 52
33 54
33 59
33 70
33 73
33 77
33 79
33 83
33 95
33 96
33 100
34 0
34 2
34 4
34 5
34 6
34 7
34 9
34 10
34 11
34 16
34 24
34 25
34 37
34 39
34 44
34 45
34 47
34 54
34 60
34 70
34 75
34 86
34 94
35 0
35 1
35 3
35 4
35 5
35 6
35 7
35 8
35 9
35 10
35 13
35 14
35 15
35 16
35 21
35 24
35 25
35 26
35 32
35 34
35 35
35 36
35 37
35 38
35 40
35 41
35 45
35 46
35 47
35 48
35 49
35 50
35 52
35 54
35 57
35 64
35 68
35 70
35 71
35 72
35 73
35 75
35 77
35 78
35 81
35 85
35 89
35 90
35 92
35 95
35 101
35 102
35 109
36 0
36 2
36 4
36 5
36 6
36 7
36 10
36 11
36 14
36 20
36 21
36 22
36 25
36 27
36 28
36 32
36 37
36 40
36 45
36 57
36 70
36 73
37 0
37 1
37 2
37 4
37 5
37 6
37 7
37 8
37 10
37 12
37 13
37 14
37 16
37 17
37 20
37 21
37 25
37 26
37 32
37 33
37 34
37 36
37 37
37 38
37 40
37 41
37 42
37 43
37 44
37 45
37 46
37 47
37 48
37 49
37 51
37 54
37 55
37 59
37 62
37 67
37 68
37 70
37 75
37 76
37 77
37 78
37 83
37 84
37 88
37 89
37 90
37 92
37 95
38 7
38 8
38 10
38 16
38 38
38 42
38 43
38 47
38 49
38 52
38 54
38 59
38 66
38 73
38 76
38 77
38 81
39 5
39 6
39 8
39 9
39 10
39 11
39 14
39 16
39 18
39 21
39 24
39 26
39 35
39 36
39 45
39 48
39 54
39 61
39 64
39 101
40 0
40 5
40 7
40 8
40 9
40 10
40 11
40 13
40 14
40 16
40 34
40 37
40 38
40 41
40 44
40 46
40 47
40 51
40 66
40 68
40 78
40 79
40 84
40 90
41 6
41 8
41 21
41 23
41 37
41 52
41 57
41 62
41 101
41 109
42 0
42 1
42 3
42 4
42 5
42 6
42 8
42 9
42 10
42 11
42 12
42 13
42 14
42 16
42 18
42 20
42 21
42 23
42 24
42 25
42 26
42 27
42 29
42 33
42 35
42 36
42 37
42 40
42 45
42 50
42 54
42 55
42 58
42 60
42 61
42 67
42 70
42 72
42 73
42 74
42 77
42 84
42 87
42 101
43 0
43 1
43 4
43 5
43 6
43 7
43 9
43 10
43 11
43 12
43 13
43 14
43 16
43 17
43 20
43 21
43 22
43 23
43 24
43 25
43 26
43 27
43 28
43 30
43 31
43 32
43 33
43 34
43 35
43 36
43 37
43 38
43 39
43 40
43 41
43 42
43 43
43 44
43 45
43 46
43 47
43 48
43 49
43 50
43 51
43 52
43 54
43 56
43 57
43 59
43 60
43 61
43 62
43 66
43 67
43 68
43 70
43 71
43 72
43 73
43 75
43 76
43 77
43 78
43 79
43 80
43 81
43 82
43 83
43 84
43 85
43 86
43 87
43 88
43 89
43 90
43 92
43 94
43 96
43 97
43 98
43 99
43 101
43 102
43 108
43 109
44 0
44 1
44 5
44 6
44 7
44 10
44 11
44 13
44 14
44 16
44 17
44 30
44 33
44 34
44 39
44 41
44 45
44 47
44 52
44 53
44 66
44 71
44 72
44 76
44 81
44 89
44 109
45 0
45 1
45 4
45 5
45 6
45 7
45 9
45 10
45 13
45 16
45 20
45 21
45 26
45 34
45 37
45 38
45 39
45 40
45 44
45 47
45 58
45 62
45 66
45 70
45 74
45 78
45 82
45 86
45 92
46 6
46 11
46 21
46 29
46 39
47 0
47 2
47 4
47 5
47 7
47 8
47 9
47 10
47 13
47 16
47 17
47 26
47 31
47 32
47 36
47 37
47 38
47 44
47 46
47 47
47 49
47 52
47 54
47 70
47 74
47 78
47 81
47 84
47 109
48 0
48 1
48 3
48 4
48 5
48 6
48 7
48 8
48 10
48 11
48 12
48 13
48 14
48 15
48 16
48 17
48 21
48 22
48 24
48 25
48 26
48 27
48 31
48 32
48 33
48 34
48 36
48 37
48 38
48 39
48 40
48 41
48 43
48 44
48 45
48 47
48 48
48 52
48 54
48 55
48 56
48 57
48 59
48 60
48 61
48 62
48 63
48 66
48 67
48 68
48 70
48 71
48 72
48 73
48 74
48 76
48 77
48 79
48 83
48 85
48 86
48 101
48 102
48 109
49 4
49 6
49 13
49 32
49 38
49 47
49 54
49 61
49 71
49 76
49 77
49 81
49 83
49 93
50 0
50 1
50 4
50 5
50 6
50 7
50 9
50 10
50 13
50 14
50 16
50 17
50 21
50 26
50 30
50 34
50 38
50 44
50 45
50 46
50 47
50 48
50 50
50 54
50 61
50 62
50 64
50 66
50 69
50 70
50 74
50 76
50 77
50 79
50 80
50 81
50 83
50 85
50 90
50 100
50 101
51 0
51 2
51 4
51 5
51 6
51 7
51 8
51 9
51 10
51 11
51 13
51 14
51 16
51 20
51 22
51 24
51 25
51 34
51 37
51 38
51 39
51 44
51 45
51 47
51 52
51 54
51 60
51 61
51 62
51 66
51 68
51 71
51 75
51 79
51 81
51 100
52 5
52 6
52 10
52 13
52 16
52 17
52 52
52 56
52 70
52 78
53 7
53 8
53 9
53 10
53 16
53 47
53 63
53 70
53 76
54 0
54 1
54 3
54 4
54 5
54 6
54 7
54 8
54 9
54 11
54 12
54 13
54 14
54 15
54 16
54 17
54 18
54 19
54 20
54 21
54 22
54 24
54 25
54 26
54 28
54 34
54 35
54 36
54 37
54 38
54 39
54 40
54 41
54 44
54 45
54 47
54 48
54 50
54 52
54 54
54 57
54 60
54 61
54 65
54 66
54 67
54 70
54 72
54 74
54 76
54 78
54 81
54 83
54 84
54 85
54 86
54 88
54 89
54 90
54 92
54 94
54 101
54 102
54 103
54 104
54 105
54 106
54 107
54 109
55 0
55 4
55 5
55 6
55 7
55 9
55 10
55 13
55 14
55 17
55 19
55 21
55 24
55 25
55 26
55 34
55 37
55 41
55 43
55 45
55 47
55 48
55 70
55 72
55 74
55 76
55 78
55 84
56 0
56 6
56 10
56 14
56 16
56 17
56 33
56 34
56 37
56 38
56 39
56 41
56 47
56 48
56 56
56 61
56 62
56 66
56 75
56 93
57 4
57 5
57 6
57 11
57 18
57 20
57 21
57 23
57 26
57 27
57 40
57 41
57 55
57 67
58 5
58 8
58 9
58 32
58 73
58 75
58 81
59 0
59 1
59 2
59 4
59 5
59 6
59 7
59 8
59 9
59 10
59 11
59 13
59 14
59 16
59 17
59 18
59 24
59 25
59 26
59 27
59 28
59 34
59 38
59 40
59 41
59 44
59 45
59 47
59 48
59 52
59 54
59 61
59 62
59 63
59 66
59 67
59 70
59 72
59 73
59 74
59 76
59 77
59 78
59 81
59 84
59 86
59 88
59 90
59 101
59 108
59 109
60 5
60 7
60 8
60 10
60 13
60 14
60 47
60 54
60 62
60 63
60 70
60 73
60 76
60 81
61 0
61 1
61 4
61 5
61 6
61 7
61 8
61 9
61 10
61 12
61 16
61 24
61 25
61 26
61 36
61 37
61 38
61 43
61 45
61 47
61 54
61 66
61 70
61 73
61 74
61 76
61 85
61 90
62 0
62 4
62 5
62 6
62 7
62 11
62 15
62 16
62 18
62 19
62 20
62 21
62 26
62 34
62 40
62 41
62 45
62 67
62 69
62 73
62 81
62 103
62 104
62 107
63 0
63 4
63 5
63 6
63 7
63 10
63 13
63 14
63 16
63 24
63 25
63 26
63 32
63 34
63 37
63 38
63 39
63 40
63 41
63 44
63 47
63 60
63 61
63 66
63 70
63 71
63 80
63 81
63 82
63 83
63 84
63 85
63 86
63 92
64 7
64 8
64 9
64 10
64 14
64 30
64 38
64 43
64 47
64 51
64 52
64 54
64 59
64 61
64 62
64 63
64 66
64 70
64 71
64 73
64 76
64 77
64 79
64 81
64 95
65 0
65 1
65 4
65 5
65 6
65 7
65 9
65 10
65 12
65 13
65 14
65 16
65 32
65 34
65 40
65 44
65 45
65 46
65 47
65 54
65 60
65 61
65 62
65 70
65 71
65 76
65 77
65 79
65 85
65 86
65 90
65 101
66 7
66 8
66 9
66 10
66 13
66 16
66 30
66 38
66 43
66 47
66 51
66 59
66 62
66 66
66 76
66 77
66 81
67 5
67 8
67 10
67 14
67 16
67 32
67 47
67 52
67 62
67 66
67 68
67 72
67 80
68 0
68 1
68 6
68 7
68 10
68 14
68 16
68 25
68 26
68 34
68 44
68 45
68 48
68 81
69 0
69 2
69 24
70 4
70 6
70 34
70 60
70 72
70 90
71 0
71 8
71 32
71 70
71 75
72 1
72 4
72 5
72 6
72 7
72 10
72 14
72 16
72 17
72 34
72 44
72 57
72 66
72 88
73 3
73 5
73 7
73 8
73 14
73 16
73 38
73 47
73 61
74 7
74 8
74 9
74 10
74 14
74 47
74 52
74 59
74 62
74 73
74 77
74 78
74 79
75 5
75 6
75 7
75 8
75 9
75 10
75 14
75 16
75 47
75 81
76 0
76 13
77 7
77 8
77 13
77 43
77 62
77 76
77 77
77 81
77 93
77 100
78 0
78 2
78 37
79 1
79 4
79 5
79 6
79 7
79 8
79 9
79 10
79 12
79 13
79 14
79 16
79 17
79 21
79 24
79 26
79 30
79 31
79 32
79 34
79 37
79 38
79 41
79 43
79 44
79 47
79 48
79 49
79 54
79 59
79 61
79 62
79 66
79 70
79 72
79 76
79 77
79 81
79 84
79 85
79 89
79 90
79 95
79 100
80 7
80 9
80 43
80 47
80 52
80 70
81 7
81 8
81 10
81 63
81 81
82 7
82 8
82 10
82 47
82 76
83 0
83 1
83 2
83 3
83 4
83 5
83 6
83 7
83 8
83 9
83 10
83 11
83 12
83 13
83 14
83 15
83 16
83 17
83 18
83 19
83 20
83 21
83 22
83 23
83 24
83 25
83 26
83 29
83 32
83 34
83 35
83 36
83 37
83 38
83 40
83 41
83 45
83 46
83 47
83 48
83 51
83 54
83 55
83 56
83 60
83 61
83 66
83 69
83 70
83 72
83 74
83 76
83 82
83 89
83 90
83 101
83 108
84 7
84 10
84 47
84 61
84 66
85 0
85 2
85 4
85 13
85 24
85 37
85 39
85 44
85 60
86 0
86 1
86 10
86 14
86 16
86 21
86 26
86 41
86 47
86 74
86 76
86 101
86 102
87 0
87 1
87 5
87 6
87 7
87 10
87 11
87 14
87 16
87 17
87 31
87 34
87 38
87 40
87 41
87 44
87 45
87 46
87 47
87 52
87 61
87 62
87 66
87 72
87 76
87 78
87 85
87 88
87 101
