88 289 443
0 0
0 1
0 2
0 3
0 4
0 5
0 6
0 7
0 8
0 9
0 10
0 11
0 13
0 14
0 15
0 16
0 17
0 20
0 21
0 22
0 23
0 25
0 26
0 27
0 28
0 32
0 34
0 35
0 36
0 37
0 38
0 39
0 40
0 41
0 42
0 43
0 44
0 45
0 46
0 47
0 49
0 50
0 51
0 52
0 53
0 54
0 55
0 56
0 57
0 61
0 62
0 63
0 64
0 66
0 68
0 69
0 70
0 71
0 72
0 73
0 74
0 75
0 76
0 79
0 80
0 81
0 82
0 83
0 84
0 85
0 88
0 89
0 90
0 91
0 92
0 93
0 94
0 95
0 96
0 97
0 99
0 103
0 104
0 110
0 111
0 112
0 113
0 114
0 115
0 116
0 118
0 120
0 121
0 126
0 127
0 128
0 132
0 135
0 136
0 137
0 138
0 139
0 140
0 142
0 143
0 144
0 147
0 148
0 149
0 150
0 151
0 153
0 155
0 156
0 157
0 158
0 159
0 164
0 167
0 174
0 177
0 178
0 179
0 180
0 181
0 182
0 183
0 186
0 187
0 190
0 191
0 193
0 194
0 195
0 196
0 206
0 211
0 212
0 217
0 229
0 230
0 232
0 239
0 246
0 252
0 255
0 259
0 260
0 268
0 276
0 277
0 282
0 284
0 288
0 289
0 306
0 310
0 313
0 316
0 317
0 318
0 319
0 320
0 326
0 328
0 344
0 356
0 366
0 367
0 371
0 385
0 386
0 398
0 399
0 400
0 402
0 409
0 420
0 421
0 437
1 0
1 1
1 2
1 3
1 4
1 5
1 6
1 7
1 8
1 9
1 10
1 11
1 12
1 13
1 14
1 15
1 16
1 17
1 18
1 19
1 20
1 21
1 22
1 23
1 24
1 25
1 26
1 27
1 28
1 29
1 30
1 31
1 32
1 33
1 34
1 35
1 36
1 37
1 38
1 39
1 40
1 41
1 42
1 43
1 44
1 45
1 46
1 47
1 48
1 49
1 50
1 51
1 52
1 53
1 54
1 55
1 56
1 57
1 58
1 59
1 60
1 61
1 62
1 63
1 64
1 65
1 66
1 67
1 68
1 69
1 70
1 71
1 72
1 73
1 74
1 75
1 76
1 77
1 78
1 79
1 80
1 81
1 82
1 84
1 85
1 86
1 89
1 90
1 91
1 92
1 93
1 94
1 96
1 97
1 98
1 99
1 101
1 102
1 103
1 104
1 105
1 106
1 107
1 108
1 109
1 110
1 111
1 113
1 115
1 116
1 117
1 118
1 120
1 121
1 122
1 124
1 125
1 126
1 127
1 128
1 130
1 131
1 132
1 133
1 136
1 137
1 138
1 139
1 140
1 141
1 142
1 143
1 144
1 145
1 146
1 147
1 148
1 149
1 151
1 152
1 153
1 155
1 156
1 157
1 160
1 164
1 165
1 166
1 167
1 168
1 170
1 173
1 174
1 175
1 176
1 177
1 178
1 179
1 180
1 181
1 182
1 183
1 184
1 185
1 186
1 187
1 188
1 190
1 191
1 192
1 193
1 194
1 195
1 196
1 197
1 198
1 204
1 206
1 208
1 209
1 213
1 214
1 215
1 216
1 218
1 220
1 221
1 223
1 227
1 229
1 230
1 231
1 232
1 233
1 234
1 235
1 240
1 241
1 242
1 245
1 246
1 247
1 250
1 251
1 253
1 255
1 257
1 258
1 268
1 269
1 284
1 285
1 291
1 292
1 296
1 297
1 302
1 303
1 306
1 308
1 309
1 310
1 313
1 315
1 316
1 320
1 321
1 323
1 329
1 330
1 332
1 333
1 334
1 336
1 342
1 344
1 345
1 346
1 347
1 350
1 351
1 353
1 354
1 356
1 357
1 363
1 365
1 366
1 368
1 369
1 371
1 372
1 373
1 377
1 381
1 382
1 385
1 386
1 387
1 403
1 405
1 408
1 416
1 418
1 420
1 421
1 428
1 430
1 431
1 438
2 0
2 1
2 2
2 3
2 4
2 5
2 6
2 7
2 8
2 9
2 10
2 11
2 12
2 13
2 14
2 15
2 16
2 17
2 20
2 22
2 23
2 24
2 25
2 26
2 27
2 28
2 30
2 31
2 32
2 34
2 35
2 36
2 37
2 38
2 39
2 41
2 42
2 43
2 44
2 45
2 46
2 48
2 49
2 50
2 51
2 52
2 53
2 54
2 55
2 56
2 58
2 60
2 61
2 62
2 63
2 65
2 66
2 68
2 69
2 70
2 73
2 76
2 78
2 79
2 80
2 85
2 92
2 93
2 94
2 96
2 99
2 101
2 103
2 104
2 106
2 107
2 113
2 115
2 120
2 121
2 126
2 127
2 131
2 132
2 133
2 135
2 136
2 138
2 139
2 140
2 141
2 142
2 143
2 144
2 146
2 148
2 149
2 152
2 155
2 156
2 157
2 174
2 177
2 178
2 180
2 181
2 182
2 183
2 184
2 185
2 186
2 187
2 188
2 190
2 191
2 193
2 194
2 195
2 204
2 205
2 216
2 217
2 229
2 230
2 253
2 254
2 257
2 258
2 296
2 297
2 316
2 317
2 320
2 323
2 329
2 346
2 351
2 352
2 354
2 355
2 356
2 366
2 367
2 386
2 438
3 0
3 1
3 2
3 3
3 4
3 5
3 6
3 8
3 9
3 10
3 11
3 12
3 13
3 14
3 15
3 16
3 17
3 18
3 19
3 20
3 21
3 22
3 23
3 24
3 25
3 26
3 27
3 28
3 29
3 30
3 31
3 32
3 33
3 34
3 35
3 36
3 37
3 38
3 39
3 40
3 41
3 42
3 43
3 44
3 45
3 46
3 47
3 48
3 50
3 51
3 52
3 53
3 54
3 55
3 56
3 58
3 60
3 61
3 62
3 63
3 65
3 66
3 68
3 69
3 70
3 71
3 73
3 74
3 75
3 76
3 77
3 78
3 79
3 80
3 81
3 82
3 83
3 85
3 86
3 87
3 88
3 89
3 90
3 91
3 92
3 93
3 94
3 96
3 97
3 99
3 100
3 101
3 102
3 103
3 104
3 105
3 106
3 107
3 108
3 109
3 110
3 112
3 113
3 114
3 115
3 116
3 117
3 118
3 120
3 121
3 122
3 123
3 124
3 126
3 127
3 128
3 131
3 132
3 135
3 137
3 138
3 139
3 140
3 141
3 142
3 143
3 146
3 150
3 151
3 152
3 153
3 154
3 155
3 156
3 157
3 160
3 161
3 164
3 165
3 166
3 167
3 168
3 169
3 170
3 172
3 175
3 176
3 177
3 179
3 182
3 183
3 184
3 185
3 189
3 190
3 193
3 194
3 195
3 196
3 201
3 205
3 206
3 207
3 208
3 212
3 213
3 214
3 216
3 218
3 220
3 221
3 222
3 223
3 225
3 227
3 230
3 231
3 232
3 234
3 244
3 245
3 246
3 251
3 255
3 259
3 268
3 273
3 275
3 276
3 277
3 279
3 280
3 282
3 284
3 297
3 305
3 306
3 308
3 313
3 316
3 317
3 318
3 329
3 330
3 331
3 340
3 341
3 342
3 343
3 344
3 345
3 347
3 354
3 363
3 366
3 371
3 373
3 375
3 377
3 378
3 379
3 385
3 386
3 388
3 400
3 404
3 406
3 407
3 409
3 410
3 411
3 413
3 414
3 416
3 417
3 419
3 420
3 421
3 422
3 437
3 438
4 0
4 1
4 2
4 3
4 4
4 5
4 6
4 7
4 8
4 10
4 11
4 12
4 13
4 14
4 15
4 16
4 17
4 18
4 19
4 20
4 21
4 22
4 23
4 24
4 25
4 26
4 27
4 28
4 29
4 30
4 31
4 32
4 33
4 34
4 35
4 36
4 37
4 38
4 39
4 40
4 41
4 42
4 43
4 44
4 45
4 46
4 47
4 48
4 50
4 51
4 52
4 53
4 54
4 55
4 56
4 58
4 60
4 61
4 62
4 63
4 64
4 65
4 66
4 68
4 69
4 70
4 71
4 73
4 74
4 75
4 76
4 77
4 78
4 79
4 80
4 81
4 82
4 83
4 84
4 85
4 86
4 87
4 88
4 89
4 90
4 91
4 92
4 93
4 94
4 96
4 97
4 98
4 99
4 100
4 102
4 103
4 104
4 105
4 106
4 107
4 108
4 109
4 110
4 111
4 113
4 114
4 115
4 116
4 117
4 120
4 121
4 123
4 126
4 128
4 129
4 133
4 135
4 136
4 137
4 138
4 139
4 140
4 141
4 142
4 144
4 146
4 147
4 148
4 149
4 150
4 151
4 152
4 153
4 154
4 155
4 156
4 160
4 164
4 165
4 166
4 167
4 168
4 169
4 170
4 171
4 172
4 173
4 174
4 175
4 177
4 178
4 182
4 186
4 187
4 190
4 192
4 193
4 194
4 195
4 196
4 197
4 202
4 203
4 204
4 206
4 208
4 211
4 212
4 213
4 214
4 215
4 216
4 218
4 220
4 221
4 227
4 229
4 230
4 232
4 234
4 236
4 238
4 243
4 249
4 250
4 252
4 255
4 257
4 258
4 259
4 264
4 267
4 268
4 269
4 271
4 273
4 274
4 275
4 276
4 277
4 278
4 279
4 280
4 281
4 282
4 283
4 284
4 287
4 293
4 294
4 298
4 301
4 306
4 307
4 308
4 313
4 318
4 320
4 326
4 329
4 330
4 331
4 340
4 341
4 342
4 346
4 347
4 348
4 350
4 351
4 352
4 353
4 354
4 355
4 356
4 360
4 361
4 365
4 369
4 371
4 373
4 374
4 375
4 376
4 377
4 378
4 379
4 382
4 385
4 386
4 387
4 389
4 391
4 396
4 397
4 403
4 405
4 408
4 415
4 416
4 420
4 421
4 424
4 425
4 429
4 430
4 431
4 432
4 433
4 434
4 436
4 438
5 0
5 2
5 3
5 4
5 5
5 6
5 8
5 9
5 10
5 11
5 14
5 15
5 16
5 17
5 22
5 23
5 24
5 26
5 28
5 35
5 36
5 37
5 38
5 39
5 41
5 43
5 44
5 46
5 47
5 50
5 51
5 52
5 55
5 59
5 61
5 62
5 63
5 65
5 66
5 68
5 71
5 74
5 75
5 79
5 80
5 85
5 94
5 97
5 98
5 100
5 103
5 104
5 105
5 107
5 109
5 115
5 126
5 128
5 129
5 132
5 136
5 137
5 138
5 139
5 140
5 145
5 146
5 147
5 151
5 152
5 153
5 155
5 156
5 157
5 170
5 174
5 178
5 182
5 185
5 186
5 187
5 190
5 191
5 193
5 222
5 229
5 233
5 235
5 243
5 254
5 257
5 291
5 296
5 298
5 299
5 301
5 313
5 316
5 319
5 320
5 321
5 322
5 345
5 346
5 351
5 356
5 376
5 385
5 386
5 419
5 428
5 431
5 432
5 438
6 0
6 1
6 2
6 3
6 4
6 5
6 6
6 7
6 8
6 9
6 10
6 11
6 12
6 13
6 14
6 15
6 16
6 17
6 20
6 21
6 22
6 23
6 24
6 25
6 26
6 27
6 28
6 30
6 31
6 32
6 33
6 34
6 35
6 36
6 37
6 38
6 39
6 41
6 42
6 43
6 44
6 45
6 47
6 48
6 49
6 50
6 51
6 52
6 53
6 54
6 55
6 56
6 57
6 59
6 60
6 61
6 62
6 63
6 64
6 65
6 66
6 68
6 69
6 70
6 71
6 72
6 73
6 74
6 75
6 76
6 79
6 80
6 81
6 82
6 83
6 84
6 85
6 88
6 89
6 91
6 92
6 93
6 94
6 96
6 97
6 101
6 102
6 103
6 104
6 105
6 106
6 107
6 110
6 111
6 112
6 113
6 114
6 115
6 116
6 118
6 120
6 121
6 122
6 123
6 124
6 126
6 127
6 128
6 129
6 130
6 131
6 132
6 137
6 138
6 139
6 140
6 141
6 142
6 143
6 146
6 147
6 151
6 152
6 153
6 155
6 156
6 157
6 160
6 162
6 164
6 165
6 167
6 170
6 171
6 172
6 173
6 174
6 175
6 177
6 178
6 182
6 183
6 184
6 185
6 186
6 187
6 188
6 190
6 191
6 193
6 194
6 196
6 205
6 206
6 207
6 210
6 212
6 213
6 215
6 216
6 217
6 220
6 222
6 229
6 230
6 231
6 232
6 234
6 235
6 237
6 241
6 246
6 252
6 257
6 259
6 268
6 270
6 276
6 277
6 280
6 282
6 283
6 284
6 285
6 291
6 296
6 305
6 306
6 309
6 313
6 316
6 317
6 318
6 319
6 320
6 321
6 325
6 339
6 342
6 346
6 348
6 351
6 354
6 356
6 361
6 366
6 373
6 374
6 381
6 383
6 384
6 385
6 403
6 405
6 408
6 419
6 420
6 421
6 422
6 423
6 424
6 432
7 0
7 1
7 2
7 3
7 4
7 5
7 6
7 8
7 9
7 10
7 11
7 12
7 13
7 14
7 15
7 16
7 17
7 18
7 20
7 21
7 22
7 23
7 24
7 26
7 27
7 28
7 29
7 31
7 32
7 34
7 35
7 37
7 39
7 40
7 41
7 42
7 43
7 44
7 45
7 46
7 48
7 50
7 51
7 52
7 53
7 55
7 56
7 57
7 62
7 63
7 68
7 69
7 74
7 75
7 76
7 77
7 78
7 79
7 80
7 82
7 83
7 84
7 85
7 86
7 88
7 89
7 90
7 91
7 93
7 94
7 96
7 97
7 101
7 102
7 103
7 104
7 107
7 110
7 111
7 112
7 114
7 116
7 118
7 119
7 120
7 121
7 122
7 123
7 124
7 130
7 131
7 140
7 143
7 147
7 154
7 155
7 156
7 160
7 163
7 164
7 167
7 168
7 169
7 175
7 176
7 194
7 195
7 196
7 197
7 205
7 206
7 207
7 210
7 212
7 213
7 216
7 217
7 232
7 236
7 238
7 245
7 246
7 249
7 251
7 254
7 257
7 258
7 268
7 270
7 271
7 276
7 277
7 280
7 282
7 283
7 285
7 287
7 293
7 297
7 306
7 307
7 309
7 310
7 316
7 334
7 338
7 339
7 342
7 343
7 344
7 347
7 357
7 358
7 359
7 362
7 365
7 370
7 373
7 374
7 377
7 380
7 381
7 389
7 391
7 398
7 399
7 403
7 405
7 412
7 419
7 420
7 421
7 427
7 438
8 0
8 1
8 2
8 3
8 4
8 5
8 6
8 8
8 10
8 11
8 12
8 13
8 14
8 15
8 16
8 17
8 18
8 19
8 20
8 21
8 22
8 23
8 25
8 26
8 28
8 29
8 30
8 31
8 32
8 33
8 34
8 35
8 36
8 37
8 38
8 39
8 40
8 41
8 42
8 43
8 44
8 45
8 46
8 47
8 48
8 50
8 51
8 52
8 55
8 60
8 61
8 63
8 65
8 66
8 68
8 70
8 73
8 74
8 75
8 76
8 77
8 79
8 80
8 81
8 82
8 83
8 84
8 85
8 86
8 87
8 88
8 89
8 91
8 96
8 97
8 100
8 102
8 103
8 104
8 105
8 106
8 107
8 108
8 109
8 110
8 111
8 112
8 113
8 114
8 115
8 116
8 117
8 121
8 122
8 124
8 125
8 128
8 129
8 131
8 140
8 146
8 148
8 149
8 152
8 153
8 155
8 160
8 161
8 164
8 165
8 166
8 167
8 168
8 169
8 170
8 171
8 172
8 173
8 175
8 176
8 177
8 178
8 179
8 182
8 192
8 193
8 194
8 195
8 196
8 197
8 198
8 200
8 206
8 208
8 209
8 212
8 213
8 215
8 216
8 218
8 220
8 221
8 223
8 224
8 225
8 226
8 227
8 230
8 232
8 234
8 236
8 238
8 241
8 244
8 245
8 246
8 247
8 248
8 249
8 250
8 251
8 254
8 255
8 257
8 258
8 261
8 262
8 265
8 267
8 269
8 273
8 277
8 294
8 298
8 300
8 302
8 306
8 308
8 310
8 313
8 329
8 331
8 334
8 336
8 338
8 339
8 340
8 341
8 343
8 344
8 347
8 351
8 356
8 357
8 358
8 359
8 360
8 362
8 365
8 370
8 373
8 374
8 375
8 378
8 379
8 380
8 385
8 386
8 388
8 390
8 392
8 394
8 395
8 403
8 405
8 408
8 410
8 412
8 413
8 414
8 415
8 416
8 420
8 421
8 424
8 425
8 428
8 429
8 433
8 434
8 436
8 437
8 438
8 440
9 0
9 1
9 2
9 3
9 4
9 5
9 6
9 7
9 8
9 9
9 10
9 11
9 12
9 13
9 14
9 15
9 16
9 17
9 18
9 20
9 21
9 22
9 23
9 24
9 25
9 26
9 27
9 28
9 30
9 31
9 32
9 34
9 35
9 36
9 37
9 38
9 39
9 40
9 41
9 42
9 43
9 44
9 45
9 46
9 47
9 48
9 49
9 50
9 51
9 52
9 53
9 54
9 55
9 56
9 57
9 58
9 59
9 60
9 61
9 62
9 63
9 64
9 65
9 66
9 67
9 68
9 69
9 70
9 71
9 72
9 73
9 74
9 75
9 76
9 77
9 78
9 79
9 80
9 81
9 83
9 85
9 86
9 89
9 90
9 92
9 93
9 94
9 95
9 96
9 100
9 101
9 102
9 103
9 113
9 115
9 116
9 117
9 118
9 119
9 120
9 121
9 122
9 123
9 124
9 125
9 126
9 127
9 128
9 130
9 131
9 132
9 134
9 136
9 138
9 139
9 140
9 142
9 143
9 149
9 155
9 156
9 157
9 167
9 170
9 172
9 174
9 176
9 177
9 179
9 180
9 181
9 183
9 184
9 185
9 186
9 187
9 191
9 192
9 194
9 195
9 197
9 198
9 206
9 209
9 211
9 213
9 216
9 218
9 220
9 221
9 222
9 227
9 233
9 235
9 236
9 237
9 240
9 245
9 246
9 252
9 253
9 254
9 256
9 259
9 272
9 274
9 281
9 287
9 296
9 297
9 305
9 306
9 309
9 310
9 311
9 312
9 315
9 324
9 326
9 333
9 336
9 337
9 342
9 344
9 347
9 365
9 366
9 367
9 381
9 384
9 387
9 408
9 438
10 0
10 3
10 4
10 6
10 8
10 10
10 11
10 12
10 13
10 14
10 16
10 18
10 19
10 20
10 21
10 22
10 23
10 28
10 29
10 31
10 33
10 34
10 37
10 40
10 41
10 42
10 43
10 46
10 50
10 55
10 60
10 61
10 65
10 74
10 75
10 77
10 81
10 82
10 83
10 85
10 88
10 89
10 90
10 91
10 96
10 102
10 103
10 104
10 105
10 106
10 107
10 108
10 109
10 117
10 121
10 125
10 155
10 158
10 167
10 176
10 184
10 194
10 195
10 197
10 208
10 212
10 223
10 230
10 234
10 245
10 247
10 254
10 255
10 258
10 263
10 264
10 274
10 281
10 283
10 284
10 294
10 308
10 313
10 329
10 337
10 342
10 344
10 348
10 371
10 374
10 380
10 394
10 416
10 420
10 425
10 438
11 0
11 2
11 4
11 6
11 11
11 14
11 15
11 22
11 23
11 25
11 27
11 32
11 34
11 35
11 38
11 39
11 41
11 43
11 50
11 52
11 53
11 54
11 55
11 56
11 60
11 61
11 63
11 70
11 73
11 78
11 80
11 85
11 96
11 113
11 115
11 126
11 127
11 128
11 132
11 134
11 135
11 136
11 140
11 143
11 148
11 149
11 150
11 155
11 167
11 177
11 178
11 183
11 230
11 237
11 259
11 312
11 316
11 367
11 385
11 393
12 0
12 1
12 2
12 5
12 6
12 9
12 11
12 15
12 16
12 17
12 20
12 23
12 24
12 26
12 30
12 35
12 36
12 38
12 39
12 43
12 44
12 49
12 50
12 51
12 52
12 61
12 62
12 63
12 64
12 68
12 69
12 71
12 79
12 80
12 92
12 93
12 94
12 107
12 139
12 140
12 157
12 190
12 191
12 235
12 258
12 297
12 316
12 317
12 318
12 319
12 320
12 321
12 328
12 438
13 0
13 1
13 2
13 4
13 5
13 6
13 8
13 9
13 10
13 11
13 14
13 15
13 16
13 17
13 20
13 22
13 23
13 24
13 25
13 26
13 27
13 28
13 29
13 30
13 31
13 32
13 34
13 35
13 36
13 37
13 39
13 40
13 41
13 43
13 44
13 45
13 46
13 48
13 49
13 50
13 51
13 52
13 53
13 54
13 55
13 56
13 57
13 59
13 60
13 61
13 62
13 63
13 64
13 66
13 67
13 68
13 69
13 70
13 71
13 73
13 78
13 79
13 80
13 81
13 85
13 89
13 92
13 93
13 94
13 95
13 96
13 101
13 104
13 107
13 109
13 113
13 124
13 127
13 134
13 136
13 138
13 139
13 140
13 141
13 143
13 152
13 155
13 156
13 157
13 167
13 174
13 177
13 178
13 182
13 183
13 184
13 185
13 186
13 187
13 193
13 196
13 206
13 235
13 291
13 306
13 312
13 316
13 318
13 320
13 325
13 342
13 351
13 385
13 432
14 0
14 1
14 2
14 4
14 5
14 6
14 7
14 8
14 9
14 10
14 11
14 12
14 13
14 14
14 15
14 16
14 17
14 20
14 21
14 22
14 23
14 24
14 25
14 26
14 27
14 28
14 30
14 32
14 33
14 34
14 35
14 36
14 37
14 39
14 42
14 43
14 44
14 45
14 46
14 48
14 49
14 50
14 51
14 52
14 53
14 54
14 55
14 56
14 57
14 58
14 59
14 60
14 61
14 62
14 63
14 64
14 66
14 67
14 68
14 69
14 70
14 71
14 72
14 73
14 75
14 76
14 78
14 79
14 80
14 83
14 85
14 92
14 93
14 94
14 97
14 101
14 102
14 103
14 104
14 105
14 107
14 109
14 113
14 127
14 128
14 134
14 136
14 138
14 139
14 140
14 141
14 143
14 144
14 146
14 147
14 148
14 152
14 155
14 156
14 157
14 164
14 167
14 176
14 178
14 181
14 183
14 184
14 185
14 193
14 211
14 216
14 230
14 236
14 249
14 297
14 313
14 322
14 413
15 0
15 1
15 2
15 5
15 6
15 8
15 9
15 10
15 11
15 14
15 15
15 16
15 17
15 22
15 23
15 24
15 25
15 27
15 28
15 30
15 32
15 33
15 34
15 35
15 36
15 37
15 39
15 42
15 44
15 45
15 47
15 49
15 50
15 51
15 52
15 54
15 55
15 56
15 57
15 63
15 64
15 69
15 70
15 71
15 76
15 78
15 79
15 80
15 83
15 92
15 93
15 94
15 96
15 101
15 138
15 139
15 140
15 143
15 146
15 152
15 153
15 155
15 156
15 157
15 176
15 180
15 183
15 185
15 216
15 296
15 313
15 318
15 328
15 386
16 0
16 1
16 2
16 5
16 6
16 9
16 11
16 14
16 15
16 17
16 23
16 24
16 26
16 35
16 36
16 37
16 39
16 41
16 43
16 44
16 45
16 47
16 50
16 51
16 52
16 54
16 55
16 56
16 62
16 63
16 64
16 65
16 68
16 69
16 70
16 71
16 73
16 78
16 79
16 80
16 92
16 93
16 94
16 99
16 136
16 137
16 138
16 139
16 140
16 155
16 156
16 157
16 185
16 191
16 216
16 230
16 242
16 297
16 373
16 438
17 0
17 2
17 5
17 6
17 9
17 14
17 15
17 23
17 24
17 28
17 35
17 36
17 37
17 39
17 43
17 44
17 45
17 51
17 54
17 55
17 63
17 64
17 68
17 69
17 78
17 79
17 80
17 92
17 93
17 94
17 137
17 138
17 139
17 156
17 157
17 229
17 291
17 297
18 0
18 1
18 2
18 3
18 5
18 6
18 7
18 8
18 9
18 10
18 11
18 14
18 15
18 20
18 22
18 23
18 24
18 25
18 26
18 27
18 28
18 30
18 32
18 35
18 36
18 39
18 41
18 43
18 44
18 45
18 47
18 49
18 50
18 51
18 52
18 54
18 55
18 56
18 58
18 59
18 60
18 61
18 62
18 63
18 66
18 67
18 68
18 69
18 70
18 71
18 73
18 78
18 79
18 80
18 85
18 92
18 93
18 94
18 101
18 113
18 123
18 124
18 135
18 137
18 138
18 139
18 140
18 143
18 146
18 153
18 155
18 156
18 157
18 178
18 191
18 194
18 227
18 235
18 296
18 297
18 317
18 320
18 325
18 383
18 385
18 386
19 0
19 3
19 6
19 8
19 11
19 14
19 28
19 39
19 44
19 61
19 72
19 194
19 389
20 0
20 1
20 2
20 5
20 6
20 7
20 8
20 9
20 11
20 14
20 15
20 16
20 17
20 22
20 24
20 25
20 26
20 27
20 28
20 29
20 30
20 32
20 35
20 36
20 37
20 39
20 41
20 42
20 43
20 44
20 45
20 46
20 49
20 50
20 51
20 52
20 53
20 54
20 55
20 56
20 57
20 60
20 61
20 62
20 63
20 67
20 68
20 69
20 70
20 71
20 72
20 73
20 78
20 79
20 80
20 85
20 89
20 92
20 93
20 94
20 99
20 102
20 105
20 107
20 109
20 113
20 116
20 118
20 126
20 127
20 132
20 135
20 137
20 138
20 139
20 140
20 143
20 144
20 152
20 155
20 156
20 160
20 167
20 178
20 181
20 182
20 183
20 184
20 191
20 216
20 222
20 319
21 0
21 1
21 2
21 4
21 5
21 6
21 15
21 17
21 24
21 26
21 30
21 32
21 35
21 39
21 44
21 45
21 49
21 50
21 51
21 57
21 61
21 62
21 63
21 69
21 70
21 71
21 79
21 80
21 92
21 93
21 94
21 107
21 128
21 136
21 138
21 139
21 140
21 156
21 157
21 170
21 297
21 318
21 351
21 421
22 3
22 4
22 6
22 8
22 10
22 11
22 12
22 14
22 17
22 21
22 22
22 23
22 28
22 29
22 31
22 34
22 37
22 40
22 41
22 43
22 46
22 48
22 52
22 55
22 61
22 73
22 74
22 75
22 76
22 81
22 82
22 83
22 84
22 86
22 87
22 89
22 90
22 91
22 96
22 101
22 104
22 106
22 108
22 112
22 115
22 116
22 121
22 122
22 123
22 125
22 153
22 155
22 156
22 162
22 169
22 184
22 194
22 195
22 206
22 208
22 220
22 221
22 225
22 244
22 245
22 255
22 256
22 257
22 265
22 268
22 269
22 273
22 278
22 281
22 283
22 292
22 293
22 294
22 310
22 316
22 329
22 330
22 338
22 339
22 340
22 341
22 342
22 344
22 347
22 359
22 364
22 386
22 394
22 397
22 404
22 416
22 420
22 438
22 441
23 0
23 3
23 4
23 6
23 8
23 10
23 11
23 12
23 13
23 15
23 16
23 18
23 19
23 20
23 21
23 22
23 23
23 28
23 29
23 31
23 33
23 34
23 36
23 37
23 38
23 40
23 41
23 42
23 43
23 45
23 47
23 48
23 50
23 53
23 55
23 61
23 65
23 66
23 73
23 74
23 75
23 77
23 79
23 80
23 81
23 82
23 83
23 84
23 85
23 86
23 89
23 90
23 91
23 94
23 96
23 98
23 99
23 102
23 103
23 104
23 105
23 106
23 107
23 108
23 109
23 114
23 117
23 120
23 121
23 122
23 137
23 139
23 140
23 153
23 158
23 159
23 164
23 165
23 167
23 168
23 169
23 172
23 176
23 178
23 182
23 192
23 193
23 194
23 195
23 196
23 197
23 204
23 206
23 212
23 213
23 218
23 221
23 227
23 228
23 230
23 246
23 248
23 254
23 257
23 258
23 277
23 310
23 313
23 316
23 331
23 332
23 342
23 351
23 352
23 353
23 354
23 368
23 369
23 373
23 374
23 375
23 385
23 386
23 420
23 438
24 0
24 2
24 3
24 4
24 5
24 6
24 9
24 10
24 11
24 14
24 15
24 16
24 17
24 20
24 23
24 26
24 28
24 32
24 35
24 37
24 39
24 41
24 43
24 44
24 50
24 52
24 53
24 54
24 60
24 61
24 62
24 64
24 66
24 68
24 69
24 72
24 73
24 74
24 76
24 81
24 85
24 92
24 93
24 94
24 103
24 110
24 113
24 115
24 125
24 126
24 127
24 128
24 132
24 136
24 142
24 143
24 144
24 149
24 150
24 155
24 156
24 177
24 178
24 182
24 183
24 186
24 190
24 193
24 206
24 259
24 276
24 306
24 318
24 402
24 421
25 0
25 1
25 2
25 3
25 4
25 5
25 6
25 7
25 8
25 9
25 10
25 11
25 13
25 14
25 15
25 16
25 17
25 18
25 19
25 20
25 21
25 22
25 23
25 24
25 25
25 26
25 27
25 28
25 30
25 31
25 32
25 35
25 36
25 37
25 39
25 41
25 42
25 43
25 44
25 45
25 46
25 47
25 48
25 50
25 51
25 52
25 53
25 54
25 55
25 56
25 57
25 60
25 61
25 62
25 63
25 64
25 65
25 66
25 67
25 68
25 69
25 70
25 72
25 73
25 74
25 75
25 76
25 77
25 78
25 79
25 80
25 81
25 82
25 83
25 84
25 85
25 87
25 88
25 89
25 91
25 92
25 93
25 94
25 96
25 97
25 99
25 100
25 101
25 103
25 104
25 105
25 106
25 107
25 110
25 111
25 112
25 113
25 114
25 115
25 116
25 118
25 119
25 120
25 121
25 122
25 123
25 124
25 125
25 126
25 127
25 128
25 130
25 131
25 132
25 133
25 135
25 136
25 137
25 138
25 139
25 140
25 142
25 143
25 144
25 146
25 147
25 148
25 149
25 150
25 151
25 152
25 153
25 154
25 155
25 156
25 157
25 158
25 159
25 160
25 161
25 162
25 163
25 164
25 167
25 168
25 169
25 170
25 172
25 173
25 174
25 176
25 177
25 178
25 180
25 182
25 183
25 186
25 187
25 188
25 189
25 190
25 191
25 192
25 193
25 194
25 195
25 196
25 197
25 200
25 201
25 204
25 205
25 206
25 207
25 208
25 209
25 211
25 214
25 216
25 217
25 218
25 219
25 220
25 221
25 222
25 226
25 227
25 229
25 230
25 231
25 232
25 235
25 236
25 244
25 245
25 246
25 247
25 251
25 252
25 253
25 255
25 257
25 258
25 259
25 260
25 262
25 268
25 269
25 271
25 272
25 273
25 274
25 276
25 277
25 278
25 279
25 280
25 281
25 282
25 283
25 284
25 285
25 286
25 287
25 290
25 295
25 296
25 297
25 301
25 306
25 307
25 309
25 310
25 313
25 315
25 316
25 317
25 318
25 319
25 320
25 327
25 329
25 330
25 331
25 334
25 337
25 338
25 339
25 340
25 341
25 342
25 344
25 347
25 356
25 358
25 360
25 361
25 362
25 366
25 368
25 369
25 371
25 372
25 373
25 374
25 376
25 377
25 385
25 386
25 387
25 389
25 392
25 395
25 400
25 402
25 403
25 408
25 409
25 410
25 412
25 413
25 414
25 419
25 420
25 421
25 422
25 423
25 425
25 438
26 0
26 2
26 3
26 4
26 6
26 9
26 10
26 11
26 15
26 23
26 26
26 28
26 32
26 37
26 39
26 42
26 43
26 44
26 46
26 50
26 52
26 53
26 54
26 60
26 61
26 62
26 64
26 66
26 69
26 71
26 72
26 73
26 85
26 87
26 89
26 92
26 93
26 96
26 97
26 113
26 115
26 126
26 127
26 128
26 132
26 136
26 138
26 139
26 141
26 142
26 143
26 144
26 149
26 151
26 157
26 173
26 177
26 178
26 182
26 183
26 186
26 187
26 190
26 191
26 193
26 259
26 313
26 316
26 346
26 356
26 366
27 2
27 4
27 6
27 8
27 10
27 11
27 12
27 20
27 21
27 23
27 28
27 31
27 37
27 43
27 44
27 46
27 48
27 50
27 61
27 65
27 73
27 74
27 75
27 81
27 82
27 83
27 85
27 90
27 91
27 96
27 108
27 111
27 158
27 162
27 167
27 192
27 194
27 209
27 212
27 214
27 218
27 230
27 268
27 275
27 276
27 277
27 293
27 310
27 313
27 344
27 385
27 416
27 420
28 0
28 2
28 3
28 4
28 6
28 8
28 10
28 12
28 14
28 15
28 17
28 19
28 20
28 21
28 22
28 23
28 25
28 27
28 36
28 37
28 41
28 48
28 50
28 52
28 53
28 54
28 55
28 56
28 65
28 74
28 75
28 76
28 86
28 88
28 89
28 90
28 101
28 102
28 103
28 104
28 105
28 108
28 110
28 112
28 113
28 116
28 120
28 121
28 122
28 123
28 125
28 127
28 141
28 146
28 152
28 153
28 155
28 156
28 167
28 178
28 184
28 194
28 198
28 199
28 206
28 259
28 287
28 306
28 309
28 310
28 316
28 333
28 334
28 344
28 362
28 365
28 381
29 0
29 4
29 6
29 8
29 9
29 10
29 11
29 12
29 13
29 14
29 16
29 17
29 18
29 20
29 21
29 22
29 23
29 25
29 28
29 30
29 31
29 32
29 33
29 34
29 37
29 40
29 41
29 42
29 43
29 44
29 45
29 46
29 47
29 48
29 50
29 52
29 55
29 60
29 61
29 65
29 73
29 74
29 75
29 76
29 77
29 81
29 82
29 83
29 84
29 85
29 86
29 89
29 90
29 91
29 93
29 96
29 101
29 102
29 103
29 104
29 106
29 107
29 108
29 114
29 115
29 117
29 121
29 123
29 125
29 132
29 136
29 140
29 143
29 149
29 155
29 156
29 162
29 165
29 166
29 176
29 192
29 194
29 195
29 197
29 198
29 199
29 200
29 202
29 208
29 215
29 216
29 218
29 219
29 220
29 221
29 223
29 224
29 225
29 226
29 227
29 230
29 236
29 244
29 245
29 246
29 253
29 254
29 255
29 256
29 257
29 259
29 261
29 262
29 264
29 268
29 269
29 271
29 273
29 275
29 276
29 277
29 283
29 284
29 286
29 292
29 294
29 302
29 308
29 309
29 310
29 312
29 314
29 316
29 329
29 330
29 331
29 334
29 338
29 339
29 341
29 342
29 343
29 344
29 347
29 357
29 362
29 364
29 371
29 386
29 389
29 394
29 398
29 399
29 401
29 404
29 406
29 416
29 420
29 438
30 0
30 2
30 6
30 7
30 11
30 15
30 25
30 27
30 32
30 39
30 52
30 54
30 55
30 60
30 78
30 80
30 85
30 113
30 127
30 181
30 183
30 186
30 313
30 393
31 5
31 6
31 8
31 10
31 11
31 15
31 16
31 21
31 22
31 23
31 24
31 26
31 28
31 35
31 36
31 37
31 38
31 39
31 44
31 50
31 51
31 55
31 62
31 65
31 68
31 69
31 73
31 78
31 80
31 92
31 93
31 94
31 97
31 98
31 102
31 107
31 129
31 135
31 136
31 138
31 145
31 146
31 153
31 156
31 157
31 171
31 172
31 178
31 182
31 190
31 193
31 256
31 316
31 345
32 8
32 10
32 11
32 21
32 22
32 29
32 31
32 34
32 37
32 41
32 43
32 46
32 55
32 65
32 74
32 75
32 76
32 81
32 83
32 84
32 89
32 108
32 111
32 114
32 121
32 155
32 194
32 220
32 221
32 244
32 255
32 261
32 264
32 280
32 281
32 308
32 310
32 329
32 338
32 339
32 342
32 344
32 364
33 3
33 8
33 10
33 21
33 22
33 23
33 33
33 37
33 48
33 50
33 74
33 75
33 77
33 81
33 83
33 84
33 116
33 121
33 162
33 189
33 194
33 225
33 226
33 244
33 245
33 255
33 263
33 264
33 288
33 289
33 316
33 329
33 341
33 342
33 347
33 364
33 394
33 395
33 416
34 0
34 2
34 4
34 5
34 6
34 8
34 9
34 11
34 22
34 23
34 25
34 26
34 37
34 38
34 42
34 46
34 49
34 52
34 54
34 60
34 61
34 62
34 73
34 75
34 85
34 115
34 126
34 128
34 136
34 141
34 142
34 143
34 144
34 149
34 150
34 155
34 174
34 177
34 178
34 182
34 186
34 187
34 191
34 193
34 194
34 206
34 211
34 216
34 246
34 259
34 306
34 326
34 356
34 385
34 393
35 3
35 4
35 6
35 8
35 10
35 11
35 12
35 13
35 17
35 18
35 19
35 20
35 21
35 22
35 23
35 28
35 31
35 34
35 37
35 40
35 41
35 43
35 50
35 52
35 55
35 61
35 62
35 68
35 76
35 83
35 93
35 94
35 96
35 97
35 107
35 108
35 110
35 111
35 113
35 117
35 122
35 128
35 138
35 139
35 147
35 155
35 167
35 172
35 176
35 190
35 194
35 195
35 196
35 203
35 205
35 206
35 212
35 214
35 225
35 229
35 232
35 254
35 258
35 270
35 294
35 308
35 313
35 316
35 325
35 331
35 344
35 351
35 365
35 374
35 378
35 385
35 396
35 421
35 424
35 438
36 0
36 5
36 6
36 8
36 15
36 16
36 26
36 27
36 39
36 45
36 50
36 51
36 55
36 63
36 70
36 79
36 85
36 89
36 103
36 113
36 140
36 155
36 156
36 157
36 174
36 181
36 182
36 185
36 191
36 193
36 257
36 309
36 316
37 0
37 4
37 6
37 8
37 9
37 10
37 12
37 15
37 16
37 17
37 20
37 21
37 22
37 28
37 31
37 33
37 37
37 39
37 43
37 46
37 65
37 66
37 73
37 74
37 85
37 89
37 91
37 92
37 94
37 96
37 102
37 103
37 104
37 106
37 107
37 108
37 114
37 115
37 116
37 117
37 120
37 140
37 158
37 160
37 169
37 170
37 172
37 176
37 178
37 186
37 187
37 192
37 194
37 196
37 198
37 199
37 201
37 208
37 209
37 214
37 220
37 221
37 232
37 243
37 246
37 255
37 262
37 279
37 293
37 297
37 306
37 310
37 312
37 325
37 329
37 330
37 331
37 334
37 339
37 341
37 347
37 348
37 373
37 375
37 377
37 394
37 408
38 8
38 10
38 21
38 28
38 31
38 37
38 41
38 46
38 48
38 74
38 75
38 81
38 83
38 84
38 87
38 121
38 194
38 195
38 200
38 202
38 218
38 225
38 226
38 245
38 255
38 261
38 264
38 283
38 316
38 329
38 339
38 344
38 404
39 6
39 10
39 11
39 12
39 15
39 23
39 35
39 37
39 39
39 43
39 55
39 61
39 68
39 93
39 94
39 97
39 102
39 110
39 112
39 114
39 155
39 167
39 178
39 212
39 230
39 232
39 268
39 270
39 421
40 8
40 10
40 11
40 12
40 15
40 20
40 21
40 28
40 31
40 37
40 41
40 43
40 46
40 48
40 55
40 73
40 75
40 96
40 107
40 125
40 128
40 168
40 175
40 192
40 194
40 195
40 197
40 206
40 208
40 209
40 230
40 283
40 294
40 334
40 342
40 363
40 379
40 385
40 386
40 387
40 404
40 408
41 6
41 10
41 35
41 39
41 50
41 113
41 223
41 257
41 287
41 419
41 438
42 0
42 1
42 3
42 4
42 5
42 6
42 10
42 11
42 14
42 15
42 16
42 20
42 23
42 26
42 28
42 32
42 35
42 38
42 39
42 41
42 42
42 43
42 44
42 50
42 52
42 61
42 62
42 68
42 69
42 72
42 80
42 91
42 92
42 93
42 94
42 97
42 103
42 110
42 112
42 113
42 114
42 115
42 128
42 139
42 155
42 156
42 157
42 173
42 174
42 190
42 191
42 205
42 209
42 230
42 235
42 246
42 259
42 268
42 306
42 313
42 316
42 319
42 320
42 331
42 332
42 346
42 362
42 366
42 419
42 420
42 421
43 4
43 6
43 8
43 11
43 12
43 13
43 14
43 15
43 16
43 17
43 18
43 19
43 20
43 21
43 22
43 23
43 28
43 29
43 31
43 33
43 34
43 35
43 37
43 38
43 39
43 40
43 42
43 43
43 44
43 45
43 46
43 47
43 48
43 50
43 51
43 55
43 61
43 62
43 63
43 65
43 66
43 68
43 71
43 73
43 74
43 75
43 77
43 78
43 79
43 81
43 82
43 83
43 84
43 85
43 86
43 87
43 89
43 91
43 94
43 96
43 97
43 100
43 102
43 103
43 104
43 105
43 106
43 107
43 108
43 109
43 110
43 111
43 112
43 114
43 115
43 116
43 117
43 121
43 122
43 126
43 128
43 132
43 137
43 139
43 140
43 144
43 146
43 147
43 149
43 151
43 152
43 153
43 155
43 156
43 158
43 159
43 160
43 162
43 164
43 165
43 166
43 167
43 170
43 171
43 172
43 173
43 175
43 176
43 177
43 178
43 182
43 186
43 187
43 192
43 193
43 194
43 195
43 196
43 197
43 200
43 204
43 206
43 208
43 209
43 212
43 213
43 214
43 218
43 220
43 221
43 223
43 227
43 230
43 231
43 232
43 234
43 236
43 238
43 241
43 246
43 248
43 249
43 250
43 253
43 254
43 255
43 257
43 258
43 260
43 261
43 262
43 264
43 267
43 268
43 269
43 273
43 274
43 276
43 277
43 279
43 281
43 284
43 286
43 287
43 292
43 293
43 298
43 302
43 304
43 306
43 307
43 308
43 310
43 313
43 314
43 316
43 321
43 324
43 326
43 329
43 330
43 331
43 334
43 335
43 338
43 339
43 340
43 341
43 342
43 343
43 344
43 345
43 347
43 348
43 349
43 350
43 351
43 352
43 353
43 354
43 355
43 356
43 361
43 363
43 366
43 369
43 371
43 373
43 374
43 375
43 378
43 379
43 382
43 385
43 386
43 387
43 395
43 405
43 406
43 407
43 408
43 410
43 412
43 413
43 414
43 415
43 419
43 420
43 421
43 423
43 424
43 425
43 426
43 434
43 435
43 436
43 437
43 438
43 439
44 6
44 8
44 12
44 13
44 16
44 18
44 20
44 22
44 28
44 34
44 37
44 38
44 43
44 50
44 52
44 65
44 77
44 82
44 85
44 86
44 91
44 102
44 103
44 105
44 106
44 107
44 126
44 152
44 160
44 167
44 169
44 171
44 173
44 177
44 193
44 194
44 209
44 221
44 227
44 228
44 230
44 246
44 248
44 277
44 313
44 338
44 339
44 344
44 374
44 375
44 385
44 386
44 438
45 0
45 1
45 6
45 8
45 14
45 15
45 17
45 18
45 21
45 23
45 31
45 34
45 39
45 50
45 52
45 69
45 75
45 77
45 85
45 92
45 93
45 94
45 97
45 102
45 103
45 107
45 113
45 115
45 116
45 125
45 127
45 139
45 155
45 156
45 157
45 174
45 187
45 192
45 194
45 227
45 280
45 287
45 306
45 310
45 318
45 320
45 333
45 345
45 346
45 356
45 364
45 381
45 385
46 6
46 15
46 39
46 80
46 127
47 0
47 2
47 8
47 13
47 14
47 17
47 19
47 21
47 22
47 23
47 28
47 34
47 40
47 41
47 46
47 75
47 76
47 83
47 84
47 86
47 89
47 93
47 94
47 96
47 102
47 103
47 111
47 114
47 115
47 116
47 120
47 121
47 122
47 156
47 164
47 176
47 192
47 194
47 230
47 246
47 306
47 307
47 309
47 311
47 319
47 334
47 344
47 362
47 438
48 3
48 4
48 5
48 6
48 8
48 10
48 12
48 13
48 15
48 16
48 19
48 20
48 21
48 22
48 28
48 29
48 31
48 33
48 37
48 42
48 43
48 46
48 48
48 50
48 51
48 52
48 55
48 61
48 62
48 65
48 66
48 68
48 73
48 74
48 75
48 77
48 83
48 84
48 85
48 86
48 87
48 91
48 94
48 96
48 97
48 98
48 100
48 102
48 103
48 104
48 105
48 106
48 107
48 108
48 109
48 113
48 114
48 121
48 122
48 125
48 128
48 129
48 131
48 132
48 136
48 138
48 139
48 140
48 142
48 146
48 147
48 151
48 152
48 153
48 160
48 162
48 164
48 165
48 166
48 170
48 171
48 172
48 173
48 177
48 178
48 182
48 186
48 187
48 190
48 192
48 193
48 194
48 195
48 196
48 197
48 209
48 212
48 214
48 220
48 221
48 227
48 230
48 232
48 233
48 236
48 246
48 247
48 248
48 252
48 254
48 257
48 261
48 268
48 269
48 273
48 277
48 278
48 279
48 294
48 298
48 307
48 308
48 313
48 316
48 318
48 321
48 331
48 338
48 339
48 342
48 347
48 351
48 353
48 354
48 356
48 372
48 385
48 386
48 421
48 429
48 438
49 6
49 14
49 90
49 121
49 194
49 195
49 206
49 216
49 220
49 231
49 232
49 246
49 254
49 266
49 272
49 338
49 339
49 340
49 344
49 347
49 389
50 4
50 6
50 8
50 11
50 12
50 13
50 16
50 18
50 20
50 21
50 22
50 23
50 28
50 31
50 34
50 37
50 40
50 50
50 55
50 68
50 74
50 76
50 77
50 81
50 85
50 86
50 87
50 93
50 96
50 102
50 103
50 104
50 107
50 108
50 117
50 120
50 156
50 166
50 170
50 172
50 174
50 175
50 178
50 182
50 194
50 195
50 198
50 206
50 207
50 212
50 214
50 220
50 221
50 230
50 245
50 246
50 248
50 268
50 269
50 270
50 272
50 273
50 275
50 276
50 277
50 280
50 282
50 283
50 284
50 285
50 286
50 296
50 306
50 308
50 318
50 329
50 330
50 341
50 342
50 343
50 344
50 347
50 354
50 357
50 358
50 378
50 379
50 385
50 386
50 388
50 416
50 422
51 0
51 2
51 4
51 6
51 8
51 9
51 10
51 11
51 12
51 14
51 15
51 17
51 20
51 21
51 22
51 23
51 25
51 26
51 27
51 32
51 34
51 37
51 38
51 42
51 43
51 45
51 46
51 50
51 52
51 54
51 55
51 56
51 60
51 62
51 71
51 73
51 74
51 75
51 76
51 85
51 101
51 103
51 108
51 115
51 117
51 121
51 126
51 128
51 133
51 135
51 136
51 155
51 156
51 177
51 178
51 182
51 186
51 187
51 190
51 193
51 194
51 195
51 204
51 206
51 220
51 221
51 231
51 244
51 246
51 247
51 248
51 268
51 269
51 273
51 275
51 277
51 278
51 279
51 280
51 281
51 283
51 284
51 286
51 287
51 300
51 302
51 326
51 342
51 344
51 364
51 404
51 408
51 416
52 6
52 12
52 17
52 28
52 103
52 160
52 164
52 209
52 218
52 230
52 236
52 307
52 310
52 365
53 8
53 10
53 11
53 21
53 28
53 74
53 75
53 194
53 195
53 220
53 221
53 312
53 339
54 0
54 3
54 4
54 5
54 6
54 10
54 11
54 15
54 16
54 17
54 28
54 35
54 36
54 37
54 43
54 45
54 46
54 50
54 55
54 60
54 65
54 66
54 68
54 73
54 79
54 85
54 93
54 94
54 97
54 98
54 99
54 105
54 107
54 109
54 110
54 111
54 112
54 114
54 115
54 121
54 124
54 126
54 128
54 133
54 135
54 136
54 139
54 140
54 145
54 146
54 147
54 152
54 153
54 155
54 156
54 157
54 160
54 164
54 167
54 168
54 170
54 172
54 173
54 177
54 178
54 182
54 187
54 190
54 191
54 193
54 194
54 195
54 196
54 198
54 206
54 213
54 217
54 220
54 227
54 230
54 246
54 257
54 258
54 259
54 268
54 271
54 277
54 291
54 299
54 301
54 306
54 307
54 313
54 317
54 318
54 320
54 321
54 322
54 332
54 334
54 337
54 344
54 347
54 350
54 351
54 352
54 353
54 354
54 355
54 356
54 360
54 361
54 368
54 371
54 372
54 373
54 374
54 377
54 382
54 385
54 386
54 387
54 392
54 420
54 421
54 425
54 429
54 431
54 432
54 438
55 4
55 6
55 11
55 20
55 21
55 22
55 23
55 32
55 36
55 39
55 50
55 52
55 61
55 62
55 76
55 85
55 92
55 93
55 107
55 108
55 113
55 152
55 157
55 158
55 160
55 167
55 178
55 194
55 195
55 206
55 214
55 308
55 313
55 328
55 335
55 339
55 360
56 6
56 12
56 20
56 21
56 33
56 37
56 55
56 85
56 91
56 103
56 107
56 121
56 136
56 149
56 169
56 194
56 196
56 238
56 268
56 273
56 277
56 325
56 326
56 389
57 5
57 6
57 15
57 26
57 35
57 39
57 50
57 69
57 92
57 93
57 94
57 139
57 146
57 152
57 155
57 156
57 185
57 235
57 321
58 10
58 23
58 89
58 155
58 316
58 327
58 344
59 0
59 5
59 6
59 7
59 8
59 10
59 11
59 12
59 13
59 14
59 15
59 16
59 17
59 20
59 21
59 22
59 23
59 28
59 33
59 35
59 37
59 41
59 43
59 50
59 53
59 54
59 55
59 60
59 61
59 62
59 79
59 85
59 93
59 94
59 96
59 97
59 101
59 102
59 103
59 106
59 107
59 121
59 122
59 125
59 138
59 139
59 140
59 143
59 153
59 155
59 157
59 160
59 167
59 178
59 182
59 186
59 187
59 193
59 194
59 195
59 196
59 197
59 204
59 206
59 212
59 214
59 215
59 218
59 220
59 221
59 223
59 227
59 230
59 244
59 245
59 269
59 282
59 283
59 297
59 301
59 313
59 316
59 328
59 329
59 333
59 344
59 362
59 369
59 371
59 373
59 379
59 385
59 386
59 420
59 421
59 433
59 437
59 438
60 8
60 10
60 22
60 31
60 46
60 48
60 55
60 74
60 75
60 101
60 155
60 194
60 195
60 220
60 221
60 244
60 245
60 269
60 273
60 308
60 316
60 344
61 0
61 6
61 8
61 10
61 11
61 12
61 13
61 16
61 21
61 22
61 23
61 25
61 32
61 37
61 43
61 50
61 60
61 61
61 66
61 85
61 93
61 94
61 97
61 103
61 114
61 121
61 122
61 155
61 161
61 178
61 182
61 194
61 195
61 220
61 227
61 247
61 248
61 259
61 260
61 284
61 306
61 316
61 318
61 350
61 379
61 408
62 5
62 6
62 8
62 15
62 22
62 26
62 35
62 36
62 39
62 43
62 44
62 50
62 52
62 68
62 92
62 93
62 94
62 109
62 139
62 140
62 146
62 152
62 157
62 178
62 182
62 191
62 296
62 297
62 298
62 316
62 321
62 344
62 431
62 432
63 0
63 4
63 5
63 6
63 13
63 14
63 17
63 20
63 32
63 43
63 60
63 61
63 62
63 66
63 77
63 86
63 89
63 94
63 97
63 100
63 103
63 104
63 115
63 117
63 120
63 126
63 132
63 139
63 146
63 151
63 177
63 186
63 192
63 199
63 204
63 206
63 232
63 247
63 253
63 268
63 276
63 277
63 280
63 306
63 308
63 309
63 310
63 343
63 344
63 345
63 347
63 351
63 356
63 362
63 368
63 371
63 381
64 8
64 10
64 19
64 21
64 23
64 31
64 41
64 48
64 55
64 74
64 75
64 82
64 121
64 162
64 194
64 195
64 208
64 218
64 220
64 221
64 244
64 245
64 261
64 264
64 269
64 272
64 281
64 316
64 330
64 338
64 339
64 342
64 344
64 364
64 384
64 398
64 399
64 404
65 4
65 6
65 8
65 11
65 12
65 13
65 16
65 18
65 20
65 21
65 37
65 40
65 43
65 46
65 50
65 65
65 85
65 86
65 89
65 102
65 103
65 104
65 105
65 106
65 107
65 115
65 140
65 155
65 170
65 175
65 176
65 177
65 178
65 182
65 192
65 193
65 194
65 195
65 209
65 246
65 268
65 274
65 308
65 309
65 330
65 339
65 342
65 354
65 371
65 378
65 420
65 421
66 8
66 10
66 22
66 23
66 28
66 74
66 75
66 81
66 101
66 121
66 159
66 162
66 194
66 195
66 208
66 261
66 264
66 269
66 281
66 329
66 330
66 339
66 344
66 364
67 10
67 43
67 55
67 74
67 75
67 89
67 194
67 195
67 218
67 219
67 220
67 221
67 230
67 269
67 277
67 293
67 313
67 357
67 358
68 6
68 8
68 12
68 16
68 18
68 21
68 28
68 31
68 37
68 43
68 48
68 50
68 55
68 65
68 75
68 77
68 85
68 87
68 94
68 100
68 103
68 106
68 144
68 170
68 172
68 178
68 192
68 193
68 197
68 212
68 344
68 369
69 0
69 2
69 52
69 60
70 6
70 107
70 183
70 259
70 313
70 377
71 10
71 25
71 89
71 309
71 326
71 327
72 4
72 6
72 8
72 20
72 31
72 33
72 86
72 96
72 107
72 129
72 165
72 192
72 230
72 257
72 284
72 373
73 3
73 8
73 22
73 28
73 41
73 55
73 96
73 155
73 156
73 194
73 195
73 282
73 404
74 8
74 20
74 21
74 23
74 41
74 48
74 55
74 194
74 195
74 220
74 261
74 264
74 273
74 316
74 340
74 342
74 365
75 6
75 11
75 20
75 22
75 41
75 97
75 102
75 206
75 230
75 344
75 385
76 25
76 101
77 8
77 10
77 17
77 22
77 81
77 158
77 286
77 329
77 338
77 344
77 389
77 416
78 0
78 2
78 25
78 113
78 115
79 4
79 5
79 6
79 10
79 12
79 16
79 20
79 21
79 22
79 23
79 28
79 31
79 34
79 37
79 39
79 40
79 41
79 43
79 46
79 60
79 61
79 65
79 74
79 75
79 82
79 83
79 86
79 90
79 94
79 96
79 101
79 102
79 103
79 106
79 129
79 132
79 153
79 155
79 158
79 162
79 164
79 167
79 170
79 194
79 196
79 197
79 200
79 209
79 212
79 216
79 220
79 221
79 230
79 231
79 232
79 259
79 263
79 264
79 268
79 269
79 273
79 275
79 277
79 284
79 287
79 309
79 313
79 329
79 330
79 331
79 338
79 339
79 341
79 344
79 354
79 362
79 364
79 368
79 374
79 379
79 385
79 394
79 404
79 408
79 416
79 442
80 22
80 23
80 81
80 121
80 158
80 194
80 218
80 224
80 225
80 226
81 10
81 12
81 18
81 21
81 46
81 220
81 344
82 8
82 10
82 21
82 195
82 339
83 3
83 4
83 5
83 6
83 8
83 9
83 10
83 11
83 12
83 13
83 15
83 16
83 18
83 19
83 20
83 21
83 22
83 23
83 25
83 28
83 29
83 30
83 31
83 33
83 36
83 37
83 38
83 39
83 40
83 41
83 42
83 43
83 45
83 48
83 50
83 55
83 56
83 60
83 61
83 62
83 65
83 66
83 68
83 77
83 80
83 86
83 88
83 90
83 92
83 93
83 94
83 96
83 97
83 102
83 103
83 108
83 110
83 112
83 114
83 115
83 117
83 122
83 128
83 129
83 132
83 138
83 139
83 140
83 147
83 153
83 155
83 167
83 172
83 173
83 175
83 178
83 185
83 190
83 194
83 196
83 208
83 212
83 214
83 216
83 221
83 222
83 230
83 232
83 235
83 236
83 254
83 256
83 268
83 275
83 277
83 282
83 283
83 284
83 285
83 296
83 308
83 313
83 317
83 318
83 374
83 378
83 383
83 385
83 386
83 387
83 408
83 420
83 421
83 422
83 437
84 8
84 21
84 75
84 194
84 195
84 272
84 281
85 0
85 2
85 27
85 32
85 53
85 60
85 113
85 127
85 134
85 183
85 186
85 187
85 259
86 12
86 20
86 25
86 39
86 65
86 94
86 97
86 130
86 153
86 195
86 328
86 339
86 421
86 423
87 6
87 8
87 12
87 13
87 16
87 18
87 21
87 29
87 31
87 34
87 37
87 38
87 43
87 48
87 50
87 52
87 55
87 74
87 77
87 83
87 84
87 85
87 86
87 96
87 102
87 103
87 104
87 105
87 107
87 140
87 151
87 152
87 160
87 164
87 173
87 175
87 176
87 177
87 178
87 192
87 193
87 194
87 195
87 199
87 206
87 218
87 221
87 223
87 227
87 268
87 277
87 279
87 286
87 287
87 313
87 333
87 351
87 373
87 385
87 386
87 420
