88 8 161
0 0
0 36
0 37
1 1
1 18
1 25
1 30
1 32
1 79
2 2
2 10
2 14
2 22
2 26
2 28
3 3
4 4
5 5
6 6
6 7
6 19
6 27
6 35
6 80
7 8
8 9
9 10
9 11
9 16
10 12
11 13
12 15
12 20
12 24
13 2
13 17
14 10
14 11
14 16
15 21
15 23
16 15
16 20
17 15
17 20
18 29
18 33
19 31
19 34
20 2
20 17
21 38
21 45
22 39
22 40
22 41
22 49
22 50
23 42
23 43
24 36
24 37
24 44
25 44
25 46
25 47
25 48
26 0
27 51
28 52
28 53
28 54
28 55
29 56
29 57
29 58
29 59
29 60
29 61
29 62
29 63
30 64
31 5
31 65
32 39
32 40
32 41
32 49
32 50
33 66
33 67
33 75
33 85
33 94
33 122
34 68
35 69
36 70
36 76
37 42
38 39
38 40
38 41
38 50
39 71
39 72
40 73
40 120
41 74
42 77
42 78
42 84
43 42
44 42
44 81
45 82
46 83
47 86
47 87
47 90
48 88
48 89
48 91
48 92
49 93
50 95
51 96
51 100
51 102
52 97
53 41
53 98
53 99
54 101
54 103
55 104
56 42
57 5
57 105
58 52
59 106
60 107
60 108
61 42
61 109
62 110
63 71
63 111
63 112
63 114
64 113
64 115
65 42
66 116
66 117
66 157
66 158
66 159
66 160
67 118
67 119
67 121
67 154
68 123
69 124
70 125
71 52
71 126
72 58
72 127
73 128
73 129
74 130
74 141
74 142
74 143
74 144
75 123
76 131
76 151
77 132
77 135
77 136
77 137
77 138
77 150
78 133
79 134
80 139
80 140
81 145
81 146
81 147
81 148
82 149
83 152
84 141
84 142
84 156
85 153
86 155
87 42
