111 16 443
0 0
0 25
0 52
0 73
0 85
0 141
0 142
0 143
0 144
0 148
0 177
0 211
1 1
1 47
1 65
1 129
1 130
1 131
1 171
1 172
1 173
1 227
1 229
2 2
2 7
2 9
2 27
2 49
3 3
4 4
4 14
4 32
4 42
4 44
4 183
4 184
4 185
4 216
4 349
5 5
5 155
5 156
5 157
5 230
5 260
5 385
5 386
5 387
5 408
6 6
6 50
7 8
7 13
7 22
7 34
7 46
8 10
8 41
9 11
9 23
10 12
10 18
10 19
10 21
10 31
10 40
10 48
10 74
10 75
10 77
10 86
10 87
10 102
10 103
11 15
11 26
11 38
11 54
11 57
11 58
11 59
11 64
11 67
11 71
11 72
12 16
13 17
13 53
13 76
13 101
13 209
13 222
13 231
14 20
14 55
14 167
15 24
15 30
15 68
15 98
15 99
15 145
16 28
16 37
16 43
16 96
16 97
16 132
17 29
17 33
17 160
17 164
17 165
17 166
18 35
18 36
19 35
19 36
20 15
20 70
21 39
21 68
22 45
22 51
22 56
22 179
22 180
22 181
23 35
23 36
24 60
24 61
25 62
25 63
25 66
25 100
26 69
26 92
26 93
26 94
27 15
27 78
28 79
28 95
29 80
30 81
30 82
31 83
31 84
32 88
32 89
32 90
32 251
32 252
32 253
32 254
32 256
33 91
34 104
34 105
34 106
34 107
34 108
34 109
35 110
36 111
36 112
36 114
36 123
37 113
37 115
37 128
37 149
37 150
37 259
38 116
38 117
38 118
38 119
38 120
38 121
38 122
38 124
38 125
38 198
38 199
38 364
38 404
39 126
39 127
39 133
39 134
39 135
39 136
40 137
40 138
40 139
40 140
41 146
41 147
41 151
41 152
41 153
41 154
41 168
41 169
42 83
42 84
42 255
43 81
43 83
43 84
43 158
43 159
43 161
43 162
43 163
43 189
43 220
43 221
43 225
43 226
43 263
43 288
43 289
44 170
44 186
44 187
44 192
44 197
44 204
44 368
44 369
45 16
45 174
45 178
45 182
45 188
45 190
45 191
45 193
45 290
46 175
46 176
47 194
47 195
47 206
48 196
48 212
48 213
48 214
48 215
49 83
49 84
49 200
49 201
49 202
49 203
50 205
50 207
50 210
50 217
50 303
50 304
50 305
51 208
52 218
52 219
52 220
52 221
52 223
52 224
52 225
52 226
52 265
52 267
52 302
52 307
52 314
52 372
53 228
54 232
54 244
54 245
54 246
54 247
54 248
54 266
54 384
55 233
55 235
55 242
55 243
56 234
56 236
56 237
56 238
56 239
56 240
56 241
56 249
56 250
57 257
57 258
58 174
58 346
59 261
59 262
59 264
60 115
60 128
60 259
61 268
61 272
61 275
61 276
61 278
61 282
62 269
62 273
62 274
62 279
62 286
62 287
63 220
63 221
64 270
65 271
66 277
66 280
66 281
66 283
66 284
66 285
67 291
67 297
67 298
67 299
67 301
67 321
67 322
67 332
68 292
68 293
68 294
68 295
68 300
69 296
70 121
70 122
70 125
70 306
70 308
70 309
70 310
70 311
70 312
70 324
70 388
71 232
71 245
71 246
71 247
71 248
71 315
71 323
72 313
73 316
74 317
74 318
74 319
74 320
74 328
75 325
75 326
75 327
76 220
76 221
76 338
76 339
77 329
77 330
77 331
77 340
77 341
78 333
78 334
78 335
78 336
78 337
78 365
79 342
80 343
80 357
80 358
80 359
80 370
81 344
82 30
82 345
82 383
83 347
83 439
83 440
84 348
84 360
84 361
84 362
84 363
85 350
85 351
85 352
85 353
85 354
85 355
86 356
86 371
86 376
87 366
87 367
88 373
89 374
89 375
90 377
90 378
90 379
90 382
91 380
91 427
92 122
92 125
92 306
92 308
92 381
93 389
94 306
94 390
94 391
94 392
94 393
94 417
94 418
94 426
95 394
95 396
95 397
95 398
95 399
95 402
95 442
96 395
96 400
96 401
96 406
96 407
97 403
97 405
98 409
98 410
98 411
98 412
98 413
98 414
99 415
100 416
101 419
101 420
101 421
101 422
102 423
102 424
102 425
102 428
102 429
102 430
103 431
103 432
104 431
104 432
105 431
105 432
106 431
106 432
107 431
107 432
108 433
108 434
108 435
108 436
108 437
109 438
110 441
