111 65 88
0 0
0 1
0 2
0 3
0 4
0 5
0 6
0 7
0 8
0 9
0 10
0 11
0 12
0 13
0 14
0 15
0 16
0 17
0 18
0 19
0 20
0 21
0 22
0 23
0 24
0 25
0 26
0 27
0 28
0 29
0 30
0 31
0 34
0 35
0 36
0 37
0 40
0 42
0 43
0 44
0 45
0 47
0 48
0 50
0 51
0 54
0 55
0 56
0 59
0 61
0 62
0 63
0 65
0 68
0 69
0 71
0 76
0 78
0 83
0 85
0 86
0 87
1 0
1 1
1 2
1 3
1 4
1 5
1 6
1 7
1 8
1 9
1 10
1 12
1 13
1 14
1 15
1 16
1 17
1 18
1 20
1 21
1 23
1 25
1 26
1 27
1 28
1 29
1 31
1 32
1 35
1 37
1 42
1 43
1 44
1 45
1 48
1 50
1 54
1 59
1 61
1 65
1 68
1 72
1 79
1 83
1 86
1 87
2 0
2 1
2 2
2 3
2 4
2 5
2 6
2 7
2 8
2 9
2 11
2 12
2 13
2 14
2 15
2 16
2 17
2 18
2 20
2 21
2 24
2 25
2 26
2 27
2 28
2 29
2 30
2 34
2 36
2 37
2 47
2 51
2 59
2 69
2 78
2 83
2 85
3 0
3 1
3 2
3 3
3 4
3 5
3 6
3 7
3 8
3 9
3 10
3 18
3 19
3 22
3 23
3 24
3 25
3 26
3 28
3 33
3 35
3 42
3 48
3 54
3 73
3 83
4 0
4 1
4 2
4 3
4 4
4 5
4 6
4 7
4 8
4 9
4 10
4 11
4 12
4 13
4 14
4 15
4 16
4 17
4 18
4 19
4 20
4 21
4 22
4 23
4 24
4 25
4 26
4 27
4 28
4 29
4 30
4 31
4 34
4 35
4 36
4 37
4 42
4 43
4 45
4 47
4 48
4 49
4 50
4 51
4 54
4 55
4 57
4 59
4 61
4 62
4 63
4 65
4 70
4 72
4 79
4 83
4 85
5 0
5 1
5 2
5 3
5 4
5 5
5 6
5 7
5 8
5 9
5 10
5 11
5 12
5 13
5 14
5 15
5 16
5 17
5 18
5 20
5 21
5 22
5 23
5 24
5 25
5 26
5 27
5 28
5 29
5 31
5 32
5 34
5 35
5 36
5 37
5 39
5 40
5 42
5 43
5 44
5 45
5 47
5 48
5 50
5 51
5 52
5 54
5 55
5 57
5 58
5 59
5 60
5 61
5 62
5 63
5 65
5 67
5 72
5 73
5 75
5 79
5 83
5 87
6 0
6 1
6 2
6 3
6 4
6 5
6 6
6 7
6 8
6 9
6 10
6 11
6 12
6 13
6 14
6 15
6 16
6 17
6 18
6 19
6 20
6 21
6 22
6 23
6 24
6 25
6 26
6 27
6 28
6 29
6 30
6 31
6 33
6 34
6 35
6 36
6 37
6 39
6 41
6 42
6 43
6 44
6 45
6 46
6 48
6 49
6 50
6 51
6 52
6 54
6 55
6 56
6 57
6 59
6 61
6 62
6 63
6 65
6 68
6 70
6 72
6 75
6 79
6 83
6 87
7 0
7 1
7 2
7 3
7 4
7 5
7 6
7 7
7 8
7 9
7 10
7 11
7 13
7 14
7 15
7 18
7 19
7 20
7 22
7 23
7 25
7 26
7 27
7 28
7 29
7 31
7 32
7 33
7 34
7 35
7 36
7 37
7 38
7 40
7 43
7 44
7 45
7 47
7 48
7 50
7 51
7 53
7 54
7 55
7 59
7 60
7 61
7 62
7 63
7 64
7 65
7 66
7 68
7 72
7 73
7 74
7 75
7 77
7 79
7 80
7 81
7 82
7 83
7 84
7 87
8 0
8 1
8 2
8 3
8 4
8 5
8 6
8 7
8 8
8 9
8 10
8 11
8 13
8 14
8 15
8 16
8 18
8 20
8 22
8 23
8 24
8 25
8 26
8 27
8 28
8 29
8 31
8 32
8 33
8 35
8 37
8 38
8 39
8 40
8 41
8 42
8 47
8 48
8 51
8 53
8 54
8 58
8 59
8 60
8 61
8 64
8 66
8 67
8 71
8 73
8 74
8 75
8 77
8 79
8 81
8 82
8 83
9 0
9 1
9 2
9 3
9 4
9 5
9 6
9 7
9 8
9 9
9 10
9 11
9 12
9 13
9 14
9 15
9 16
9 17
9 18
9 19
9 20
9 22
9 23
9 24
9 25
9 26
9 27
9 28
9 29
9 30
9 31
9 32
9 33
9 34
9 35
9 39
9 40
9 42
9 43
9 45
9 47
9 50
9 51
9 53
9 54
9 55
9 58
9 59
9 61
9 64
9 65
9 66
9 74
9 75
9 79
9 80
9 83
10 0
10 1
10 2
10 3
10 4
10 5
10 6
10 7
10 8
10 9
10 10
10 13
10 14
10 20
10 22
10 23
10 24
10 25
10 26
10 27
10 28
10 29
10 31
10 32
10 33
10 34
10 35
10 36
10 37
10 38
10 39
10 40
10 42
10 43
10 44
10 45
10 47
10 48
10 50
10 51
10 52
10 53
10 55
10 56
10 59
10 60
10 61
10 63
10 64
10 65
10 66
10 67
10 68
10 72
10 74
10 75
10 79
10 81
10 82
10 83
10 84
10 86
10 87
11 0
11 1
11 2
11 3
11 4
11 5
11 6
11 7
11 8
11 9
11 11
11 12
11 13
11 14
11 15
11 16
11 17
11 18
11 19
11 20
11 21
11 23
11 24
11 25
11 26
11 28
11 30
11 31
11 34
11 36
11 39
11 40
11 42
11 43
11 44
11 46
11 48
11 51
11 54
11 57
11 59
11 62
11 83
11 87
12 0
12 1
12 2
12 3
12 4
12 5
12 6
12 7
12 8
12 10
12 12
12 14
12 15
12 20
12 23
12 24
12 25
12 31
12 37
12 42
12 43
12 48
12 54
12 61
12 65
12 79
12 83
13 0
13 1
13 2
13 3
13 4
13 5
13 6
13 7
13 8
13 9
13 11
13 12
13 13
13 14
13 15
13 16
13 18
13 20
13 21
13 22
13 23
13 24
13 25
13 26
13 27
13 28
13 29
13 32
13 35
13 37
13 40
13 42
13 43
13 44
13 45
13 47
13 48
13 49
13 50
13 51
13 52
13 54
13 55
13 59
13 60
13 63
13 65
13 66
13 76
13 77
13 79
13 83
13 85
14 0
14 1
14 2
14 3
14 4
14 5
14 6
14 7
14 8
14 9
14 10
14 11
14 12
14 13
14 14
14 15
14 16
14 17
14 18
14 20
14 22
14 23
14 24
14 25
14 27
14 28
14 29
14 30
14 31
14 32
14 35
14 36
14 37
14 39
14 40
14 42
14 43
14 44
14 48
14 50
14 51
14 54
14 55
14 56
14 59
14 60
14 63
14 64
14 65
14 67
14 68
14 72
14 73
14 74
14 75
14 79
14 83
14 86
14 87
15 0
15 1
15 2
15 3
15 4
15 5
15 6
15 7
15 8
15 9
15 12
15 13
15 14
15 15
15 16
15 17
15 18
15 20
15 21
15 23
15 25
15 29
15 31
15 35
15 48
15 54
15 62
15 83
16 0
16 1
16 2
16 3
16 4
16 5
16 6
16 7
16 8
16 9
16 10
16 11
16 12
16 13
16 14
16 15
16 16
16 17
16 18
16 19
16 20
16 22
16 23
16 24
16 25
16 26
16 27
16 28
16 29
16 31
16 32
16 33
16 34
16 35
16 37
16 38
16 39
16 40
16 42
16 43
16 44
16 45
16 47
16 48
16 50
16 51
16 52
16 53
16 54
16 56
16 59
16 61
16 62
16 63
16 65
16 66
16 67
16 68
16 72
16 73
16 75
16 79
16 83
16 86
16 87
17 0
17 1
17 3
17 4
17 6
17 7
17 8
17 10
17 13
17 14
17 15
17 20
17 22
17 23
17 25
17 29
17 32
17 33
17 37
17 43
17 44
17 47
17 48
17 50
17 52
17 54
17 55
17 56
17 59
17 72
17 79
17 83
17 87
18 0
18 1
18 2
18 3
18 4
18 5
18 6
18 7
18 8
18 9
18 11
18 12
18 13
18 14
18 15
18 16
18 17
18 18
18 20
18 21
18 24
18 25
18 28
18 31
18 39
18 42
18 54
18 57
18 59
18 62
18 83
19 0
19 1
19 2
19 3
19 4
19 5
19 6
19 7
19 9
19 12
19 13
19 14
19 15
19 16
19 17
19 18
19 21
19 23
19 25
19 54
19 55
19 62
19 83
20 0
20 1
20 2
20 3
20 4
20 5
20 6
20 7
20 8
20 9
20 11
20 13
20 14
20 15
20 16
20 17
20 18
20 20
20 21
20 23
20 24
20 25
20 26
20 28
20 30
20 31
20 36
20 37
20 42
20 43
20 45
20 51
20 54
20 57
20 62
20 83
21 0
21 1
21 2
21 3
21 4
21 5
21 6
21 7
21 8
21 9
21 11
21 12
21 13
21 14
21 15
21 16
21 17
21 18
21 19
21 20
21 21
21 24
21 25
21 26
21 30
21 31
21 35
21 36
21 37
21 39
21 41
21 42
21 43
21 45
21 46
21 48
21 50
21 54
21 55
21 57
21 62
21 79
21 83
21 86
22 0
22 1
22 2
22 3
22 4
22 5
22 6
22 7
22 8
22 9
22 11
22 12
22 13
22 14
22 15
22 16
22 17
22 18
22 20
22 21
22 23
22 25
22 28
22 29
22 30
22 31
22 36
22 43
22 48
22 51
22 54
22 83
23 0
23 1
23 2
23 3
23 4
23 5
23 6
23 8
23 9
23 11
23 12
23 13
23 14
23 15
23 16
23 18
23 20
23 21
23 25
23 41
23 42
23 43
23 57
23 83
24 0
24 1
24 2
24 3
24 4
24 5
24 6
24 8
24 9
24 10
24 11
24 12
24 13
24 14
24 18
24 19
24 20
24 21
24 22
24 23
24 24
24 25
24 26
24 27
24 29
24 30
24 34
24 35
24 39
24 42
24 43
24 48
24 51
24 54
24 55
24 59
24 61
24 63
24 69
24 79
24 83
24 85
25 0
25 1
25 2
25 3
25 4
25 5
25 6
25 7
25 8
25 9
25 11
25 12
25 13
25 14
25 15
25 16
25 17
25 18
25 20
25 21
25 23
25 24
25 25
25 26
25 31
25 34
25 35
25 36
25 37
25 42
25 43
25 48
25 51
25 54
25 55
25 59
25 61
25 63
25 68
25 83
26 0
26 1
26 2
26 3
26 4
26 5
26 6
26 7
26 9
26 12
26 13
26 14
26 15
26 16
26 17
26 18
26 20
26 21
26 23
26 24
26 25
26 26
26 29
26 31
26 35
26 37
26 39
26 42
26 43
26 45
26 47
26 48
26 50
26 54
26 55
26 57
26 59
26 61
26 62
26 63
26 68
26 79
26 83
26 86
27 0
27 1
27 2
27 3
27 4
27 5
27 6
27 7
27 8
27 9
27 11
27 13
27 14
27 15
27 16
27 17
27 18
27 20
27 21
27 23
27 25
27 30
27 31
27 36
27 42
27 43
27 48
27 57
27 59
28 0
28 1
28 2
28 3
28 4
28 5
28 6
28 7
28 8
28 9
28 12
28 13
28 14
28 15
28 16
28 17
28 18
28 20
28 21
28 23
28 25
28 36
28 43
28 54
28 59
29 0
29 1
29 2
29 3
29 4
29 5
29 6
29 7
29 8
29 9
29 11
29 12
29 13
29 14
29 15
29 16
29 17
29 18
29 20
29 21
29 23
29 25
29 30
29 31
29 42
29 46
29 83
30 0
30 1
30 3
30 4
30 6
30 7
30 8
30 9
30 10
30 13
30 22
30 23
30 24
30 25
30 27
30 29
30 32
30 33
30 43
30 44
30 50
30 64
30 66
30 79
31 0
31 1
31 3
31 4
31 6
31 7
31 8
31 9
31 10
31 22
31 23
31 25
31 29
31 43
31 47
31 48
31 79
31 87
32 0
32 1
32 2
32 3
32 4
32 5
32 6
32 7
32 8
32 9
32 10
32 13
32 20
32 22
32 23
32 25
32 26
32 27
32 28
32 29
32 31
32 32
32 35
32 36
32 37
32 43
32 47
32 48
32 49
32 58
32 63
32 65
32 67
32 71
32 79
32 83
33 0
33 1
33 3
33 4
33 6
33 7
33 8
33 10
33 22
33 23
33 25
33 27
33 29
33 37
33 42
33 43
33 44
33 48
33 56
34 0
34 1
34 2
34 3
34 4
34 5
34 6
34 7
34 8
34 10
34 12
34 13
34 14
34 20
34 21
34 22
34 23
34 25
34 27
34 28
34 29
34 31
34 32
34 35
34 37
34 40
34 43
34 44
34 45
34 48
34 50
34 51
34 54
34 55
34 56
34 59
34 62
34 63
34 65
34 68
34 70
34 72
34 79
34 83
34 87
35 0
35 1
35 3
35 4
35 6
35 7
35 8
35 24
35 25
35 28
35 35
35 39
35 42
35 43
35 54
35 83
36 0
36 1
36 3
36 4
36 6
36 7
36 8
36 9
36 18
36 22
36 23
36 25
36 27
36 28
36 29
36 32
36 35
36 37
36 39
36 42
36 43
36 47
36 48
36 54
36 61
36 83
37 0
37 1
37 2
37 3
37 4
37 5
37 6
37 8
37 9
37 11
37 13
37 14
37 18
37 20
37 21
37 22
37 24
37 25
37 26
37 28
37 29
37 30
37 34
37 35
37 36
37 37
37 40
37 41
37 42
37 43
37 45
37 47
37 48
37 51
37 54
37 55
37 56
37 61
37 63
37 78
37 79
37 83
37 85
38 0
38 1
38 2
38 3
38 4
38 6
38 7
38 8
38 9
38 10
38 13
38 18
38 20
38 22
38 23
38 24
38 25
38 28
38 29
38 32
38 33
38 35
38 37
38 38
38 40
38 43
38 45
38 47
38 48
38 49
38 50
38 51
38 54
38 56
38 59
38 61
38 63
38 64
38 66
38 73
38 79
38 83
38 87
39 0
39 1
39 2
39 3
39 4
39 5
39 6
39 9
39 11
39 13
39 14
39 16
39 18
39 20
39 21
39 24
39 25
39 26
39 28
39 29
39 30
39 31
39 34
39 43
39 44
39 45
39 46
39 48
39 51
39 54
39 56
39 63
39 85
40 0
40 1
40 2
40 3
40 4
40 5
40 6
40 7
40 8
40 9
40 11
40 12
40 13
40 14
40 15
40 16
40 17
40 18
40 20
40 21
40 23
40 25
40 26
40 29
40 31
40 35
40 36
40 37
40 42
40 43
40 45
40 48
40 54
40 57
40 59
40 62
40 63
40 65
40 83
40 87
41 0
41 1
41 2
41 3
41 4
41 5
41 6
41 7
41 8
41 13
41 14
41 15
41 18
41 20
41 22
41 23
41 25
41 26
41 28
41 31
41 35
41 37
41 40
41 43
41 44
41 48
41 54
41 55
41 56
41 57
41 59
41 62
41 63
41 79
41 83
41 86
41 87
42 0
42 1
42 3
42 4
42 7
42 8
42 9
42 10
42 14
42 15
42 22
42 25
42 27
42 29
42 32
42 33
42 37
42 38
42 43
43 0
43 3
43 4
43 6
43 7
43 8
43 10
43 22
43 23
43 25
43 27
43 29
43 33
43 37
43 38
43 43
43 48
43 55
43 61
43 64
43 66
43 77
43 79
43 80
44 0
44 1
44 2
44 3
44 4
44 5
44 6
44 7
44 8
44 9
44 10
44 13
44 21
44 23
44 24
44 25
44 26
44 27
44 29
44 30
44 34
44 37
44 40
44 43
44 45
44 47
44 48
44 50
44 51
44 54
44 59
44 63
44 65
44 68
44 72
44 79
44 85
44 87
45 0
45 1
45 2
45 3
45 4
45 5
45 6
45 7
45 8
45 9
45 10
45 11
45 12
45 13
45 14
45 15
45 16
45 18
45 20
45 23
45 24
45 25
45 26
45 28
45 29
45 31
45 34
45 35
45 36
45 37
45 39
45 42
45 43
45 44
45 48
45 50
45 51
45 54
45 55
45 59
45 61
45 62
45 65
45 68
45 83
45 87
46 1
46 3
46 4
46 6
46 7
46 8
46 9
46 10
46 14
46 15
46 23
46 25
46 29
46 35
46 37
46 40
46 43
46 47
46 50
46 65
46 83
46 87
47 0
47 1
47 2
47 3
47 4
47 6
47 7
47 8
47 9
47 10
47 13
47 18
47 19
47 22
47 23
47 24
47 25
47 27
47 28
47 29
47 32
47 33
47 34
47 35
47 37
47 38
47 40
47 43
47 44
47 45
47 47
47 48
47 49
47 50
47 51
47 53
47 54
47 55
47 56
47 59
47 60
47 61
47 63
47 64
47 65
47 66
47 67
47 73
47 74
47 75
47 79
47 80
47 82
47 83
47 84
47 86
47 87
48 0
48 1
48 3
48 4
48 6
48 7
48 8
48 9
48 10
48 13
48 23
48 25
48 27
48 29
48 35
48 37
48 39
48 43
48 48
48 50
48 54
48 55
48 56
48 59
48 68
48 79
48 83
49 3
49 4
49 7
49 8
49 22
49 23
49 25
49 29
49 35
49 37
49 38
49 43
49 47
49 79
50 0
50 1
50 2
50 3
50 6
50 7
50 9
50 25
50 35
50 42
50 43
50 50
50 54
51 1
51 3
51 4
51 8
51 10
51 22
51 25
51 29
51 37
51 40
51 43
51 64
51 66
51 83
52 1
52 3
52 4
52 7
52 8
52 9
52 10
52 22
52 23
52 25
52 27
52 29
52 33
52 35
52 38
52 41
52 43
52 44
52 47
52 48
52 51
52 52
52 54
52 59
52 64
52 67
52 74
52 80
52 87
53 23
53 44
54 0
54 1
54 3
54 4
54 6
54 7
54 8
54 9
54 10
54 22
54 23
54 25
54 29
54 32
54 33
54 34
54 35
54 37
54 38
54 39
54 42
54 43
54 47
54 48
54 49
54 50
54 51
54 54
54 59
54 60
54 61
54 64
54 65
54 79
54 83
55 1
55 4
55 5
55 6
55 9
55 12
55 13
55 16
55 18
55 25
55 37
55 42
55 48
55 57
55 83
56 0
56 1
56 3
56 4
56 6
56 7
56 8
56 9
56 10
56 11
56 14
56 25
56 29
56 43
56 48
56 52
56 56
56 83
57 1
57 2
57 4
57 5
57 6
57 7
57 8
57 10
57 12
57 22
57 23
57 25
57 29
57 35
57 36
57 41
57 43
57 48
57 54
57 72
58 0
58 1
58 2
58 4
58 5
58 6
58 9
58 13
58 25
58 26
58 42
58 45
59 4
59 8
59 10
59 25
59 29
59 32
59 33
59 37
59 38
59 43
59 48
59 64
59 66
59 74
59 79
60 0
60 1
60 3
60 4
60 5
60 6
60 9
60 11
60 22
60 24
60 25
60 26
60 28
60 29
60 34
60 42
60 43
60 48
60 51
60 54
60 63
60 65
60 70
60 83
60 85
61 0
61 1
61 3
61 4
61 6
61 7
61 9
61 22
61 24
61 25
61 27
61 29
61 39
61 42
61 43
61 48
61 49
61 50
61 51
61 54
61 56
61 59
61 63
61 64
61 65
61 73
61 79
61 83
61 84
61 87
62 1
62 3
62 4
62 7
62 8
62 9
62 10
62 22
62 25
62 28
62 29
62 37
62 41
62 43
62 45
62 48
62 50
62 51
62 56
62 59
62 60
62 64
62 65
62 66
62 67
62 74
62 77
62 79
62 87
63 1
63 22
63 25
63 48
63 53
63 59
63 60
63 64
63 81
64 6
64 7
64 35
64 39
64 50
65 4
65 7
65 25
65 29
65 54
66 0
66 1
66 3
66 4
66 6
66 7
66 8
66 9
66 10
66 22
66 23
66 25
66 27
66 29
66 32
66 38
66 40
66 43
66 44
66 45
66 48
66 50
66 51
66 54
66 56
66 59
66 61
66 63
66 64
66 66
66 67
66 72
66 79
66 83
66 84
66 87
67 1
67 2
67 3
67 4
67 5
67 6
67 7
67 8
67 9
67 12
67 13
67 14
67 16
67 17
67 18
67 21
67 23
67 25
67 37
67 42
67 43
67 48
67 54
67 57
67 59
67 62
68 1
68 4
68 7
68 8
68 10
68 22
68 25
68 27
68 29
68 35
68 37
68 40
68 43
68 48
68 51
68 67
69 1
69 2
69 5
69 6
69 9
69 15
69 18
69 25
69 50
69 62
69 83
70 0
70 1
70 3
70 4
70 6
70 7
70 8
70 9
70 10
70 11
70 13
70 22
70 23
70 25
70 27
70 28
70 29
70 32
70 33
70 34
70 35
70 36
70 37
70 42
70 43
70 45
70 47
70 48
70 50
70 52
70 53
70 54
70 55
70 59
70 60
70 61
70 63
70 64
70 65
70 71
70 79
70 80
70 83
71 0
71 1
71 2
71 3
71 6
71 7
71 8
71 9
71 25
71 35
71 43
71 44
71 48
71 49
71 51
71 63
71 64
71 65
72 0
72 1
72 3
72 4
72 5
72 6
72 8
72 10
72 14
72 15
72 23
72 25
72 26
72 27
72 30
72 35
72 42
72 43
72 44
72 48
72 54
72 55
72 59
72 67
72 70
72 79
72 83
72 87
73 0
73 1
73 2
73 3
73 5
73 6
73 7
73 11
73 12
73 13
73 22
73 23
73 25
73 26
73 28
73 29
73 31
73 33
73 35
73 36
73 38
73 42
73 43
73 48
73 58
73 59
73 60
73 61
73 62
73 64
73 74
74 0
74 1
74 2
74 3
74 4
74 5
74 6
74 12
74 13
74 15
74 18
74 20
74 21
74 24
74 25
74 42
74 45
74 47
74 48
74 50
74 54
74 55
74 59
74 61
74 83
74 86
75 0
75 4
75 6
75 9
75 13
75 18
75 25
75 34
75 35
75 37
75 43
75 51
75 56
75 58
75 71
76 3
76 4
76 6
76 7
76 8
76 22
76 25
76 29
76 32
76 37
76 38
76 43
76 44
76 48
76 49
76 50
76 53
76 54
76 55
76 59
76 60
76 61
76 64
76 65
76 66
76 77
76 79
76 82
76 83
76 86
76 87
77 1
77 2
77 3
77 4
77 8
77 10
77 22
77 23
77 25
77 29
77 32
77 33
77 35
77 37
77 38
77 42
77 43
77 48
77 49
77 50
77 59
77 64
77 65
77 66
77 74
77 77
77 79
78 1
78 4
78 7
78 8
78 9
78 10
78 25
78 28
78 29
78 35
78 37
78 40
78 43
78 45
78 47
78 52
78 54
78 55
78 59
78 74
78 87
79 1
79 3
79 4
79 6
79 7
79 9
79 10
79 13
79 22
79 23
79 25
79 29
79 32
79 33
79 40
79 43
79 48
79 50
79 51
79 64
79 65
79 74
80 1
80 3
80 7
80 8
80 22
80 25
80 29
80 43
80 50
80 63
80 67
81 0
81 1
81 3
81 7
81 8
81 9
81 10
81 22
81 25
81 27
81 28
81 29
81 32
81 35
81 38
81 43
81 44
81 47
81 49
81 50
81 51
81 54
81 58
81 59
81 60
81 62
81 63
81 64
81 66
81 68
81 75
81 77
81 79
81 81
82 1
82 2
82 3
82 5
82 6
82 9
82 13
82 15
82 18
82 21
82 25
82 31
82 43
82 45
82 63
82 83
83 1
83 3
83 4
83 7
83 8
83 9
83 22
83 25
83 29
83 33
83 37
83 43
83 48
83 49
83 50
83 54
83 63
84 1
84 3
84 4
84 6
84 7
84 8
84 10
84 25
84 28
84 29
84 37
84 40
84 42
84 43
84 47
84 54
84 55
84 59
84 63
84 79
85 1
85 2
85 3
85 4
85 5
85 6
85 8
85 13
85 21
85 23
85 35
85 43
85 48
85 50
85 54
85 61
85 63
85 65
85 79
85 87
86 0
86 1
86 2
86 3
86 4
86 5
86 6
86 8
86 10
86 25
86 26
86 29
86 34
86 43
86 45
86 48
86 54
86 59
86 63
86 65
87 0
87 1
87 2
87 3
87 6
87 9
87 11
87 25
87 26
87 42
87 43
88 1
88 3
88 4
88 6
88 7
88 8
88 16
88 23
88 25
88 37
88 43
88 54
88 59
88 72
88 87
89 3
89 4
89 6
89 7
89 8
89 10
89 23
89 25
89 35
89 37
89 43
89 44
89 54
89 79
89 83
90 1
90 3
90 4
90 7
90 8
90 25
90 35
90 37
90 40
90 43
90 50
90 54
90 59
90 61
90 65
90 70
90 79
90 83
91 7
91 8
91 10
92 0
92 1
92 3
92 6
92 7
92 8
92 9
92 24
92 25
92 28
92 35
92 37
92 43
92 45
92 54
92 63
93 4
93 7
93 19
93 25
93 29
93 49
93 56
93 77
94 1
94 3
94 4
94 7
94 8
94 11
94 25
94 30
94 34
94 43
94 54
95 0
95 4
95 7
95 8
95 10
95 22
95 24
95 25
95 29
95 33
95 35
95 37
95 64
95 79
96 0
96 3
96 8
96 25
96 29
96 33
96 43
97 1
97 4
97 6
97 7
97 8
97 25
97 43
98 0
98 3
98 7
98 8
98 14
98 25
98 43
99 4
99 8
99 43
100 1
100 3
100 4
100 8
100 10
100 22
100 27
100 29
100 33
100 50
100 51
100 77
100 79
101 0
101 1
101 3
101 4
101 5
101 6
101 7
101 8
101 10
101 21
101 22
101 23
101 24
101 25
101 27
101 29
101 35
101 39
101 41
101 42
101 43
101 48
101 50
101 54
101 59
101 65
101 83
101 86
101 87
102 1
102 4
102 5
102 6
102 8
102 10
102 25
102 35
102 43
102 48
102 54
102 86
103 1
103 5
103 54
103 62
104 1
104 4
104 5
104 54
104 62
105 1
105 54
106 1
106 4
106 5
106 54
107 1
107 4
107 6
107 13
107 54
107 62
108 0
108 3
108 4
108 8
108 43
108 59
108 83
109 1
109 2
109 3
109 4
109 5
109 7
109 8
109 9
109 10
109 12
109 16
109 22
109 23
109 25
109 29
109 35
109 41
109 43
109 44
109 47
109 48
109 54
109 59
110 22
