111 102 161
0 0
0 1
0 2
0 3
0 4
0 5
0 6
0 7
0 8
0 9
0 10
0 11
0 12
0 13
0 14
0 15
0 16
0 17
0 18
0 19
0 20
0 21
0 22
0 23
0 24
0 25
0 27
0 29
0 30
0 33
0 34
0 35
0 36
0 37
0 38
0 39
0 41
0 42
0 43
0 44
0 46
0 47
0 48
0 50
0 51
0 53
0 54
0 55
0 56
0 57
0 61
0 62
0 64
0 65
0 68
0 69
0 70
0 73
0 78
0 79
0 81
0 82
0 88
0 90
0 91
0 92
0 95
0 96
0 100
0 101
0 103
0 104
0 106
0 109
0 110
0 111
0 123
0 124
0 126
0 131
0 133
0 152
0 153
0 155
1 0
1 1
1 2
1 3
1 4
1 5
1 6
1 7
1 8
1 9
1 10
1 11
1 12
1 16
1 17
1 18
1 19
1 20
1 21
1 22
1 23
1 29
1 33
1 35
1 36
1 38
1 42
1 43
1 46
1 47
1 49
1 51
1 52
1 55
1 58
1 61
1 69
1 79
1 81
1 82
1 84
1 88
1 89
1 92
1 95
1 101
1 103
1 106
1 109
1 123
1 127
1 134
1 152
1 155
2 0
2 1
2 2
2 3
2 4
2 5
2 6
2 7
2 8
2 9
2 10
2 11
2 13
2 15
2 16
2 17
2 18
2 19
2 20
2 21
2 22
2 23
2 29
2 30
2 33
2 35
2 37
2 38
2 42
2 44
2 47
2 48
2 51
2 53
2 54
2 56
2 64
2 68
2 70
2 90
2 96
2 106
2 124
2 133
2 152
2 153
3 0
3 1
3 3
3 4
3 5
3 6
3 8
3 9
3 10
3 12
3 16
3 19
3 26
3 27
3 29
3 31
3 34
3 36
3 37
3 41
3 42
3 44
3 46
3 47
3 48
3 53
3 66
3 69
3 77
3 84
3 92
3 101
3 128
3 129
3 152
4 0
4 1
4 2
4 3
4 4
4 5
4 6
4 7
4 8
4 9
4 10
4 11
4 12
4 13
4 14
4 15
4 16
4 17
4 18
4 19
4 20
4 21
4 22
4 23
4 25
4 27
4 28
4 29
4 30
4 32
4 34
4 35
4 36
4 37
4 38
4 41
4 42
4 43
4 44
4 45
4 46
4 47
4 48
4 49
4 50
4 51
4 53
4 56
4 57
4 58
4 60
4 61
4 63
4 64
4 65
4 68
4 69
4 70
4 71
4 77
4 78
4 82
4 84
4 88
4 89
4 90
4 92
4 93
4 95
4 96
4 101
4 103
4 104
4 105
4 106
4 109
4 110
4 111
4 125
4 134
4 152
4 153
5 0
5 1
5 2
5 3
5 4
5 5
5 6
5 7
5 8
5 9
5 10
5 11
5 12
5 13
5 14
5 15
5 16
5 17
5 18
5 19
5 20
5 21
5 22
5 23
5 24
5 25
5 28
5 29
5 32
5 33
5 35
5 36
5 37
5 38
5 39
5 40
5 41
5 42
5 43
5 44
5 45
5 46
5 47
5 48
5 50
5 51
5 52
5 53
5 57
5 58
5 59
5 60
5 61
5 65
5 68
5 69
5 70
5 71
5 72
5 73
5 76
5 77
5 78
5 79
5 80
5 81
5 82
5 84
5 88
5 89
5 90
5 95
5 96
5 97
5 101
5 102
5 103
5 104
5 105
5 106
5 107
5 108
5 109
5 110
5 118
5 120
5 123
5 127
5 128
5 129
5 134
5 152
6 0
6 1
6 2
6 3
6 4
6 5
6 6
6 7
6 8
6 9
6 10
6 11
6 12
6 13
6 14
6 15
6 16
6 17
6 18
6 19
6 20
6 21
6 22
6 23
6 24
6 25
6 26
6 27
6 28
6 29
6 30
6 31
6 33
6 34
6 35
6 36
6 37
6 38
6 41
6 42
6 43
6 44
6 45
6 46
6 47
6 48
6 49
6 50
6 51
6 53
6 56
6 57
6 58
6 61
6 64
6 65
6 68
6 69
6 70
6 71
6 72
6 74
6 75
6 76
6 77
6 78
6 79
6 80
6 81
6 82
6 83
6 84
6 88
6 89
6 91
6 92
6 93
6 95
6 96
6 97
6 101
6 103
6 104
6 105
6 106
6 109
6 110
6 123
6 125
6 127
6 134
6 152
7 0
7 1
7 2
7 3
7 4
7 5
7 6
7 7
7 8
7 9
7 10
7 11
7 12
7 13
7 16
7 17
7 18
7 19
7 21
7 22
7 23
7 25
7 28
7 29
7 30
7 32
7 33
7 34
7 35
7 36
7 37
7 39
7 40
7 41
7 42
7 43
7 44
7 46
7 47
7 48
7 49
7 50
7 51
7 54
7 55
7 56
7 57
7 58
7 59
7 60
7 61
7 62
7 63
7 65
7 66
7 67
7 68
7 69
7 71
7 73
7 75
7 76
7 79
7 80
7 82
7 86
7 88
7 89
7 90
7 91
7 92
7 95
7 96
7 98
7 100
7 101
7 102
7 103
7 104
7 106
7 107
7 108
7 109
7 110
7 113
7 115
7 116
7 120
7 123
7 127
7 129
7 134
7 139
7 140
7 141
7 142
7 143
7 144
7 145
7 149
7 150
7 152
8 0
8 1
8 2
8 3
8 4
8 5
8 6
8 8
8 9
8 10
8 12
8 13
8 15
8 16
8 17
8 19
8 21
8 22
8 28
8 29
8 32
8 35
8 36
8 37
8 39
8 40
8 41
8 42
8 43
8 44
8 46
8 47
8 48
8 49
8 50
8 51
8 52
8 53
8 54
8 57
8 58
8 59
8 60
8 61
8 62
8 63
8 66
8 69
8 72
8 73
8 74
8 75
8 77
8 80
8 85
8 86
8 89
8 99
8 100
8 101
8 106
8 107
8 108
8 113
8 115
8 116
8 117
8 119
8 120
8 121
8 123
8 128
8 129
8 132
8 134
8 135
8 136
8 137
8 138
8 142
8 145
8 146
8 147
8 148
8 149
8 152
9 0
9 1
9 2
9 3
9 4
9 5
9 6
9 7
9 8
9 9
9 10
9 11
9 12
9 13
9 14
9 15
9 16
9 17
9 18
9 20
9 21
9 22
9 23
9 24
9 25
9 29
9 30
9 34
9 35
9 36
9 37
9 39
9 40
9 41
9 42
9 43
9 44
9 46
9 47
9 48
9 49
9 51
9 52
9 56
9 57
9 58
9 59
9 61
9 62
9 63
9 64
9 65
9 66
9 67
9 68
9 69
9 71
9 72
9 77
9 78
9 79
9 80
9 82
9 84
9 90
9 95
9 100
9 102
9 103
9 104
9 106
9 109
9 113
9 116
9 117
9 120
9 123
9 134
9 140
9 142
9 152
10 0
10 1
10 2
10 3
10 4
10 5
10 6
10 8
10 9
10 10
10 11
10 12
10 16
10 17
10 18
10 22
10 27
10 28
10 30
10 35
10 36
10 37
10 39
10 40
10 41
10 42
10 43
10 44
10 46
10 47
10 49
10 51
10 53
10 55
10 56
10 57
10 58
10 59
10 60
10 61
10 62
10 63
10 65
10 66
10 67
10 68
10 69
10 72
10 73
10 76
10 77
10 78
10 79
10 81
10 82
10 86
10 88
10 89
10 90
10 94
10 95
10 96
10 97
10 98
10 99
10 104
10 106
10 107
10 108
10 109
10 112
10 113
10 115
10 116
10 117
10 118
10 120
10 123
10 130
10 134
10 142
10 146
10 149
10 152
10 155
10 156
11 0
11 1
11 2
11 3
11 4
11 5
11 6
11 7
11 8
11 9
11 10
11 11
11 13
11 15
11 16
11 17
11 18
11 19
11 20
11 21
11 22
11 23
11 24
11 27
11 29
11 30
11 31
11 33
11 34
11 35
11 36
11 37
11 38
11 42
11 44
11 46
11 47
11 48
11 54
11 64
11 65
11 68
11 70
11 72
11 73
11 77
11 78
11 83
11 84
11 88
11 96
11 103
11 105
11 106
11 110
11 152
12 0
12 1
12 2
12 3
12 4
12 5
12 6
12 7
12 8
12 9
12 10
12 12
12 15
12 16
12 17
12 19
12 21
12 22
12 35
12 36
12 37
12 42
12 43
12 46
12 47
12 77
12 88
12 89
12 101
12 103
12 109
12 134
12 152
13 0
13 1
13 2
13 3
13 4
13 5
13 6
13 7
13 8
13 9
13 10
13 11
13 13
13 15
13 16
13 17
13 18
13 19
13 20
13 21
13 22
13 23
13 29
13 32
13 35
13 36
13 37
13 38
13 39
13 40
13 42
13 44
13 46
13 47
13 49
13 51
13 52
13 53
13 54
13 55
13 57
13 58
13 59
13 62
13 69
13 71
13 73
13 77
13 80
13 82
13 87
13 90
13 91
13 93
13 95
13 97
13 100
13 101
13 102
13 104
13 106
13 107
13 116
13 134
13 135
13 151
13 152
13 153
14 0
14 1
14 3
14 4
14 5
14 6
14 8
14 9
14 10
14 11
14 12
14 13
14 15
14 16
14 17
14 18
14 20
14 21
14 22
14 23
14 29
14 30
14 35
14 36
14 37
14 39
14 40
14 41
14 42
14 43
14 46
14 47
14 48
14 51
14 53
14 57
14 58
14 61
14 63
14 64
14 69
14 70
14 71
14 72
14 73
14 77
14 80
14 88
14 89
14 91
14 95
14 100
14 101
14 104
14 106
14 107
14 113
14 119
14 120
14 121
14 123
14 127
14 128
14 129
14 130
14 134
14 142
14 152
14 155
15 1
15 2
15 3
15 4
15 5
15 6
15 7
15 8
15 9
15 10
15 11
15 14
15 15
15 16
15 17
15 18
15 19
15 20
15 22
15 23
15 24
15 29
15 35
15 36
15 38
15 42
15 47
15 57
15 69
15 88
15 101
15 103
15 110
15 152
16 0
16 1
16 2
16 3
16 4
16 5
16 6
16 7
16 8
16 9
16 10
16 11
16 12
16 13
16 14
16 15
16 16
16 17
16 18
16 19
16 20
16 21
16 22
16 23
16 24
16 25
16 26
16 28
16 29
16 31
16 35
16 36
16 37
16 39
16 40
16 41
16 42
16 43
16 44
16 46
16 47
16 48
16 49
16 50
16 51
16 52
16 57
16 58
16 59
16 60
16 61
16 62
16 63
16 65
16 66
16 68
16 69
16 71
16 72
16 73
16 77
16 79
16 80
16 81
16 82
16 88
16 89
16 90
16 92
16 95
16 97
16 99
16 101
16 102
16 103
16 106
16 109
16 110
16 114
16 116
16 119
16 120
16 121
16 123
16 128
16 129
16 134
16 152
16 155
17 1
17 3
17 4
17 8
17 9
17 12
17 16
17 17
17 18
17 21
17 30
17 35
17 36
17 39
17 41
17 42
17 43
17 47
17 56
17 58
17 61
17 67
17 79
17 86
17 88
17 89
17 92
17 95
17 97
17 101
17 103
17 104
17 106
17 127
17 134
17 152
18 0
18 1
18 2
18 3
18 4
18 5
18 6
18 7
18 8
18 9
18 10
18 11
18 13
18 14
18 15
18 16
18 17
18 18
18 19
18 20
18 21
18 23
18 28
18 29
18 35
18 36
18 37
18 38
18 44
18 46
18 47
18 48
18 53
18 65
18 72
18 84
18 101
18 105
18 106
18 110
18 152
19 0
19 1
19 2
19 3
19 4
19 5
19 6
19 8
19 10
19 17
19 19
19 20
19 22
19 23
19 24
19 28
19 29
19 35
19 36
19 37
19 38
19 42
19 47
19 103
19 104
19 110
19 152
20 0
20 1
20 2
20 3
20 4
20 5
20 6
20 7
20 8
20 9
20 10
20 11
20 13
20 16
20 17
20 18
20 19
20 20
20 21
20 22
20 23
20 25
20 26
20 29
20 32
20 33
20 35
20 37
20 38
20 42
20 44
20 46
20 47
20 48
20 53
20 64
20 65
20 70
20 77
20 82
20 96
20 101
20 103
20 105
20 110
20 152
21 0
21 1
21 2
21 3
21 4
21 5
21 6
21 7
21 8
21 9
21 10
21 11
21 13
21 14
21 15
21 16
21 17
21 18
21 19
21 20
21 21
21 22
21 23
21 24
21 29
21 32
21 34
21 35
21 36
21 37
21 38
21 42
21 44
21 46
21 47
21 48
21 64
21 65
21 69
21 70
21 71
21 72
21 74
21 76
21 77
21 82
21 83
21 84
21 88
21 89
21 95
21 101
21 103
21 104
21 105
21 110
21 134
21 152
21 155
22 0
22 1
22 2
22 3
22 4
22 5
22 6
22 8
22 9
22 10
22 11
22 13
22 14
22 16
22 17
22 18
22 19
22 20
22 21
22 22
22 23
22 25
22 28
22 29
22 30
22 33
22 35
22 36
22 38
22 42
22 44
22 46
22 47
22 48
22 53
22 57
22 64
22 65
22 70
22 76
22 88
22 96
22 101
22 102
22 152
23 0
23 1
23 3
23 4
23 5
23 6
23 7
23 9
23 10
23 13
23 15
23 16
23 17
23 18
23 19
23 20
23 21
23 23
23 28
23 29
23 35
23 36
23 38
23 42
23 45
23 46
23 47
23 74
23 84
23 105
23 152
24 0
24 1
24 2
24 3
24 4
24 5
24 6
24 7
24 9
24 10
24 11
24 12
24 13
24 14
24 15
24 16
24 17
24 18
24 19
24 22
24 26
24 27
24 29
24 30
24 31
24 33
24 34
24 35
24 36
24 37
24 38
24 39
24 42
24 44
24 45
24 46
24 47
24 48
24 51
24 57
24 64
24 68
24 69
24 72
24 79
24 84
24 88
24 89
24 92
24 96
24 103
24 104
24 106
24 109
24 111
24 114
24 124
24 134
24 152
24 153
25 0
25 1
25 2
25 3
25 4
25 5
25 6
25 8
25 9
25 10
25 11
25 13
25 14
25 15
25 16
25 17
25 18
25 19
25 20
25 21
25 22
25 23
25 25
25 26
25 27
25 28
25 29
25 30
25 35
25 36
25 37
25 38
25 42
25 44
25 46
25 47
25 48
25 68
25 69
25 70
25 71
25 80
25 84
25 88
25 89
25 96
25 101
25 104
25 106
25 114
25 123
25 152
26 0
26 1
26 2
26 3
26 4
26 5
26 6
26 7
26 8
26 10
26 11
26 14
26 15
26 16
26 17
26 18
26 19
26 20
26 21
26 22
26 23
26 24
26 28
26 29
26 33
26 35
26 36
26 37
26 38
26 42
26 44
26 45
26 46
26 47
26 48
26 56
26 65
26 69
26 71
26 72
26 77
26 78
26 80
26 82
26 84
26 88
26 89
26 90
26 95
26 101
26 103
26 104
26 105
26 106
26 109
26 110
26 123
26 134
26 152
26 155
27 0
27 1
27 2
27 3
27 4
27 5
27 6
27 8
27 9
27 10
27 11
27 13
27 14
27 15
27 16
27 17
27 18
27 19
27 20
27 21
27 22
27 23
27 29
27 30
27 33
27 35
27 36
27 37
27 38
27 42
27 44
27 46
27 47
27 48
27 64
27 65
27 70
27 76
27 77
27 89
27 105
27 106
28 0
28 1
28 2
28 3
28 4
28 5
28 6
28 8
28 9
28 10
28 11
28 16
28 17
28 19
28 20
28 21
28 22
28 29
28 35
28 36
28 37
28 38
28 42
28 47
28 76
28 101
28 106
29 0
29 1
29 2
29 3
29 4
29 5
29 6
29 7
29 8
29 9
29 10
29 13
29 15
29 16
29 17
29 19
29 20
29 21
29 29
29 35
29 36
29 37
29 38
29 42
29 44
29 46
29 47
29 48
29 64
29 83
29 84
29 152
30 0
30 1
30 3
30 4
30 8
30 9
30 12
30 16
30 17
30 35
30 36
30 39
30 40
30 42
30 43
30 46
30 47
30 48
30 49
30 51
30 57
30 59
30 60
30 66
30 95
30 115
30 116
30 134
30 160
31 1
31 3
31 4
31 8
31 9
31 12
31 16
31 35
31 36
31 39
31 40
31 41
31 42
31 43
31 47
31 58
31 59
31 62
31 79
31 89
31 90
31 134
32 0
32 1
32 3
32 4
32 5
32 6
32 8
32 9
32 10
32 12
32 16
32 17
32 22
32 35
32 36
32 37
32 39
32 40
32 42
32 43
32 46
32 47
32 49
32 51
32 52
32 53
32 55
32 57
32 58
32 60
32 61
32 62
32 69
32 76
32 86
32 89
32 93
32 112
32 118
32 134
32 152
33 1
33 3
33 4
33 8
33 9
33 12
33 35
33 36
33 42
33 43
33 47
33 49
33 51
33 58
33 77
33 81
33 89
33 92
34 1
34 3
34 4
34 5
34 6
34 8
34 9
34 10
34 12
34 16
34 17
34 18
34 20
34 22
34 28
34 30
34 35
34 37
34 38
34 39
34 41
34 42
34 43
34 47
34 48
34 50
34 51
34 53
34 55
34 56
34 57
34 58
34 60
34 61
34 65
34 69
34 71
34 73
34 79
34 82
34 88
34 89
34 95
34 96
34 101
34 103
34 104
34 106
34 110
34 123
34 125
34 127
34 134
34 152
35 0
35 1
35 3
35 4
35 6
35 7
35 8
35 9
35 35
35 36
35 37
35 42
35 46
35 47
35 48
35 53
35 69
35 72
35 77
35 84
35 101
35 152
36 0
36 1
36 3
36 4
36 6
36 8
36 9
36 11
36 16
36 29
36 35
36 36
36 37
36 39
36 40
36 42
36 47
36 50
36 51
36 53
36 57
36 61
36 69
36 72
36 77
36 80
36 89
36 90
36 101
36 103
36 109
36 152
37 0
37 1
37 2
37 3
37 4
37 5
37 6
37 7
37 9
37 10
37 11
37 13
37 16
37 17
37 18
37 30
37 33
37 35
37 36
37 37
37 38
37 42
37 44
37 46
37 47
37 48
37 49
37 53
37 54
37 56
37 57
37 59
37 64
37 68
37 69
37 70
37 73
37 74
37 78
37 82
37 86
37 92
37 96
37 101
37 104
37 109
37 111
37 133
37 134
37 152
37 153
38 0
38 1
38 2
38 3
38 4
38 6
38 8
38 9
38 11
38 12
38 16
38 17
38 18
38 22
38 33
38 35
38 36
38 37
38 39
38 40
38 42
38 43
38 47
38 53
38 54
38 55
38 58
38 59
38 61
38 62
38 63
38 66
38 67
38 69
38 71
38 73
38 82
38 86
38 89
38 90
38 93
38 95
38 96
38 100
38 101
38 102
38 106
38 109
38 112
38 113
38 115
38 116
38 117
38 129
38 134
38 152
39 0
39 1
39 2
39 3
39 4
39 5
39 10
39 11
39 13
39 16
39 17
39 18
39 20
39 22
39 33
39 35
39 38
39 42
39 44
39 47
39 53
39 56
39 64
39 65
39 68
39 81
39 82
39 83
39 88
39 96
39 101
39 103
39 111
39 153
40 0
40 1
40 2
40 3
40 4
40 5
40 6
40 7
40 8
40 9
40 10
40 11
40 13
40 15
40 16
40 17
40 18
40 19
40 20
40 21
40 22
40 23
40 24
40 29
40 33
40 35
40 36
40 37
40 38
40 42
40 43
40 44
40 45
40 46
40 47
40 48
40 57
40 69
40 70
40 71
40 77
40 80
40 82
40 84
40 88
40 101
40 103
40 106
40 110
40 152
41 0
41 1
41 2
41 3
41 4
41 5
41 6
41 8
41 9
41 10
41 17
41 18
41 21
41 23
41 29
41 32
41 35
41 36
41 37
41 41
41 42
41 46
41 47
41 53
41 65
41 69
41 71
41 73
41 79
41 88
41 89
41 101
41 103
41 104
41 105
41 106
41 110
41 134
41 152
41 155
42 3
42 4
42 8
42 9
42 12
42 16
42 18
42 21
42 36
42 37
42 39
42 40
42 41
42 42
42 47
42 51
42 58
42 59
42 60
42 61
42 62
42 63
42 66
43 3
43 4
43 8
43 9
43 12
43 35
43 36
43 37
43 39
43 42
43 47
43 48
43 51
43 59
43 62
43 66
43 67
43 75
43 89
43 104
43 113
43 116
43 117
43 122
43 132
43 134
43 140
43 157
44 0
44 1
44 2
44 3
44 4
44 5
44 7
44 8
44 9
44 10
44 11
44 12
44 16
44 17
44 18
44 19
44 22
44 30
44 35
44 42
44 43
44 44
44 45
44 47
44 51
44 56
44 57
44 61
44 64
44 68
44 71
44 73
44 79
44 82
44 88
44 89
44 90
44 92
44 95
44 96
44 100
44 101
44 103
44 106
44 111
44 120
44 123
44 127
44 134
44 153
45 0
45 1
45 2
45 3
45 4
45 5
45 6
45 7
45 8
45 9
45 10
45 11
45 12
45 13
45 15
45 16
45 17
45 18
45 19
45 20
45 21
45 29
45 35
45 36
45 37
45 42
45 44
45 46
45 47
45 48
45 53
45 57
45 65
45 68
45 69
45 70
45 72
45 76
45 77
45 84
45 88
45 89
45 92
45 95
45 96
45 101
45 103
45 104
45 106
45 109
45 110
45 123
45 152
46 1
46 3
46 4
46 8
46 9
46 10
46 12
46 16
46 23
46 35
46 42
46 47
46 61
46 69
46 79
46 86
46 95
46 120
46 152
47 1
47 3
47 4
47 6
47 8
47 9
47 11
47 12
47 16
47 17
47 18
47 22
47 29
47 30
47 34
47 35
47 36
47 37
47 39
47 40
47 41
47 42
47 43
47 44
47 46
47 47
47 48
47 51
47 53
47 57
47 58
47 59
47 61
47 62
47 66
47 68
47 69
47 71
47 73
47 79
47 80
47 82
47 88
47 89
47 90
47 93
47 95
47 96
47 98
47 99
47 100
47 101
47 102
47 104
47 106
47 107
47 108
47 109
47 113
47 115
47 116
47 117
47 118
47 119
47 121
47 123
47 128
47 129
47 130
47 134
47 140
47 141
47 142
47 149
47 152
47 155
47 156
47 158
47 159
48 0
48 1
48 3
48 4
48 6
48 8
48 9
48 10
48 12
48 17
48 19
48 35
48 36
48 37
48 42
48 43
48 47
48 51
48 57
48 69
48 72
48 79
48 88
48 89
48 95
48 101
48 103
48 104
48 106
48 123
48 134
48 152
49 3
49 4
49 8
49 9
49 39
49 40
49 41
49 42
49 47
49 58
49 59
49 69
49 90
49 134
50 1
50 3
50 6
50 8
50 16
50 22
50 35
50 36
50 37
50 42
50 47
50 69
50 77
50 80
50 95
50 101
51 1
51 3
51 4
51 9
51 12
51 41
51 42
51 47
51 57
51 58
51 62
51 73
51 115
51 116
51 120
51 152
52 1
52 3
52 4
52 8
52 9
52 12
52 16
52 39
52 40
52 42
52 43
52 46
52 47
52 51
52 57
52 58
52 59
52 62
52 66
52 67
52 69
52 74
52 79
52 89
52 90
52 96
52 97
52 101
52 106
52 115
52 118
52 121
52 130
52 139
52 140
52 154
53 42
53 81
54 0
54 1
54 3
54 4
54 6
54 7
54 8
54 9
54 10
54 11
54 12
54 18
54 35
54 36
54 37
54 39
54 40
54 42
54 44
54 47
54 48
54 49
54 56
54 57
54 59
54 60
54 61
54 62
54 66
54 68
54 69
54 72
54 75
54 77
54 78
54 80
54 85
54 86
54 87
54 88
54 89
54 90
54 91
54 93
54 95
54 96
54 102
54 103
54 106
54 107
54 108
54 109
54 113
54 115
54 134
54 152
55 1
55 4
55 5
55 6
55 10
55 15
55 17
55 19
55 20
55 24
55 29
55 42
55 46
55 77
55 88
55 152
56 0
56 1
56 3
56 4
56 6
56 7
56 8
56 9
56 10
56 11
56 12
56 13
56 35
56 42
56 47
56 48
56 57
56 79
56 88
56 97
56 152
57 1
57 4
57 5
57 8
57 9
57 10
57 12
57 18
57 22
57 24
57 35
57 42
57 47
57 48
57 49
57 58
57 69
57 70
57 74
57 79
57 88
57 89
57 101
57 103
58 0
58 1
58 2
58 4
58 5
58 6
58 16
58 17
58 18
58 28
58 35
58 36
58 47
58 77
58 82
59 4
59 9
59 12
59 39
59 40
59 42
59 47
59 59
59 61
59 62
59 66
59 89
59 113
59 116
59 117
59 130
59 134
59 141
60 0
60 1
60 3
60 4
60 5
60 6
60 7
60 11
60 13
60 16
60 18
60 35
60 41
60 42
60 44
60 46
60 48
60 54
60 56
60 68
60 78
60 92
60 96
60 101
60 103
60 111
60 125
60 152
60 153
61 1
61 3
61 4
61 6
61 8
61 16
61 35
61 36
61 37
61 39
61 41
61 42
61 46
61 47
61 51
61 57
61 58
61 61
61 71
61 72
61 80
61 84
61 89
61 93
61 95
61 96
61 101
61 102
61 103
61 106
61 113
61 128
61 134
61 152
61 156
62 3
62 4
62 8
62 9
62 12
62 16
62 40
62 42
62 46
62 47
62 50
62 55
62 57
62 59
62 62
62 74
62 79
62 82
62 89
62 95
62 96
62 100
62 102
62 106
62 107
62 108
62 113
62 117
62 118
62 121
62 130
62 134
62 138
63 1
63 39
63 40
63 47
63 89
63 98
63 99
63 106
63 107
63 108
63 113
63 115
63 145
64 8
64 69
64 72
64 80
64 95
65 4
65 8
65 47
65 58
65 60
65 101
66 1
66 3
66 4
66 6
66 8
66 9
66 12
66 16
66 35
66 36
66 37
66 39
66 40
66 41
66 42
66 46
66 47
66 48
66 49
66 51
66 57
66 58
66 60
66 71
66 73
66 82
66 89
66 95
66 96
66 100
66 102
66 103
66 106
66 109
66 113
66 116
66 118
66 127
66 134
66 141
66 152
67 1
67 3
67 4
67 5
67 6
67 7
67 8
67 9
67 10
67 15
67 17
67 18
67 20
67 24
67 29
67 38
67 42
67 47
67 84
67 88
67 89
67 101
67 103
67 106
67 110
68 1
68 4
68 8
68 9
68 12
68 39
68 42
68 47
68 50
68 51
68 58
68 59
68 63
68 69
68 89
68 96
68 118
68 120
69 1
69 5
69 10
69 23
69 29
69 35
69 47
69 95
69 110
69 152
70 1
70 3
70 4
70 6
70 8
70 9
70 10
70 12
70 13
70 16
70 17
70 18
70 35
70 36
70 37
70 39
70 41
70 42
70 47
70 49
70 50
70 51
70 52
70 53
70 55
70 57
70 58
70 59
70 61
70 66
70 68
70 69
70 71
70 76
70 77
70 82
70 86
70 89
70 90
70 95
70 97
70 98
70 101
70 104
70 106
70 108
70 109
70 112
70 113
70 134
70 140
70 152
71 1
71 2
71 3
71 8
71 9
71 16
71 18
71 35
71 36
71 42
71 46
71 47
71 69
71 71
71 89
71 93
71 102
71 113
72 0
72 1
72 3
72 4
72 5
72 6
72 9
72 10
72 12
72 18
72 21
72 30
72 32
72 36
72 42
72 47
72 48
72 51
72 64
72 69
72 78
72 81
72 88
72 101
72 103
72 104
72 106
72 118
72 125
72 134
72 152
73 0
73 1
73 2
73 3
73 5
73 6
73 7
73 8
73 13
73 17
73 24
73 32
73 35
73 37
73 39
73 40
73 41
73 42
73 44
73 47
73 52
73 59
73 62
73 65
73 69
73 70
73 77
73 85
73 88
73 106
73 107
73 109
73 110
73 113
73 115
73 142
74 0
74 1
74 3
74 4
74 5
74 6
74 10
74 15
74 17
74 19
74 20
74 23
74 24
74 28
74 29
74 35
74 36
74 37
74 44
74 45
74 46
74 47
74 48
74 77
74 80
74 82
74 84
74 88
74 90
74 95
74 101
74 103
74 104
74 106
74 109
74 152
74 155
75 0
75 4
75 6
75 11
75 17
75 29
75 42
75 47
75 52
75 68
75 69
75 96
75 126
76 3
76 4
76 8
76 9
76 35
76 39
76 40
76 42
76 47
76 57
76 58
76 59
76 62
76 89
76 93
76 95
76 99
76 101
76 104
76 106
76 107
76 109
76 113
76 115
76 116
76 134
76 149
76 150
76 152
76 155
77 1
77 2
77 3
77 4
77 9
77 12
77 39
77 40
77 42
77 47
77 57
77 58
77 59
77 66
77 67
77 69
77 77
77 85
77 89
77 93
77 95
77 106
77 115
77 116
77 130
77 132
77 134
78 1
78 4
78 8
78 9
78 12
78 16
78 18
78 42
78 47
78 53
78 58
78 69
78 82
78 90
78 97
78 101
78 104
78 106
78 120
78 143
79 1
79 3
79 4
79 6
79 8
79 11
79 12
79 16
79 17
79 39
79 41
79 42
79 47
79 58
79 59
79 62
79 66
79 67
79 88
79 89
79 95
79 100
79 102
79 113
79 120
79 130
79 142
80 1
80 3
80 8
80 9
80 40
80 42
80 47
80 58
80 62
80 71
80 95
80 119
80 121
81 1
81 3
81 8
81 9
81 10
81 12
81 16
81 18
81 36
81 39
81 40
81 41
81 42
81 47
81 51
81 52
81 53
81 55
81 59
81 60
81 61
81 62
81 69
81 71
81 79
81 90
81 93
81 95
81 96
81 103
81 106
81 107
81 110
81 115
81 116
81 123
81 134
81 145
81 147
81 150
82 1
82 3
82 5
82 10
82 14
82 17
82 23
82 29
82 35
82 38
82 42
82 47
82 82
82 114
82 152
83 1
83 3
83 4
83 8
83 9
83 16
83 39
83 42
83 47
83 48
83 57
83 66
83 71
83 89
83 93
83 95
83 103
84 1
84 3
84 4
84 6
84 8
84 9
84 12
84 42
84 47
84 55
84 57
84 73
84 77
84 90
84 101
84 103
84 104
84 106
84 112
84 134
85 1
85 2
85 3
85 4
85 5
85 9
85 10
85 35
85 38
85 42
85 69
85 71
85 88
85 95
85 101
85 103
85 109
85 134
86 0
86 1
86 2
86 3
86 4
86 5
86 9
86 12
86 18
86 35
86 42
86 44
86 58
86 68
86 82
86 92
86 101
86 103
86 106
86 111
87 0
87 1
87 2
87 3
87 7
87 11
87 13
87 42
87 44
87 78
88 1
88 3
88 4
88 8
88 9
88 20
88 35
88 42
88 47
88 101
88 106
88 127
89 3
89 4
89 6
89 8
89 9
89 12
89 42
89 43
89 47
89 69
89 101
89 134
89 152
90 1
90 3
90 4
90 8
90 9
90 18
90 42
90 47
90 69
90 73
90 95
90 101
90 103
90 106
90 109
90 125
90 134
90 152
91 8
91 9
91 12
92 1
92 3
92 8
92 9
92 16
92 35
92 37
92 42
92 47
92 48
92 53
92 69
92 71
92 82
92 101
92 112
93 4
93 8
93 34
93 42
93 46
93 47
93 57
93 93
93 132
94 1
94 3
94 4
94 8
94 9
94 13
94 42
94 46
94 47
94 64
94 68
94 101
95 0
95 4
95 8
95 9
95 12
95 36
95 39
95 42
95 44
95 50
95 58
95 59
95 62
95 66
95 69
95 113
95 134
96 3
96 9
96 36
96 42
96 46
96 47
96 58
96 59
96 67
97 1
97 4
97 8
97 9
97 35
97 42
97 47
98 0
98 3
98 8
98 9
98 11
98 42
98 44
98 47
99 4
99 9
99 42
100 1
100 3
100 4
100 9
100 12
100 41
100 51
100 58
100 60
100 62
100 63
100 66
100 67
100 95
100 100
100 102
100 132
100 134
101 1
101 3
101 4
101 5
101 6
101 8
101 9
101 12
101 32
101 35
101 36
101 37
101 42
101 45
101 46
101 47
101 49
101 51
101 57
101 69
101 72
101 74
101 77
101 78
101 80
101 89
101 95
101 101
101 103
101 106
101 152
101 155
102 1
102 4
102 5
102 6
102 9
102 12
102 42
102 47
102 69
102 79
102 80
102 89
102 101
102 103
102 155
103 5
103 18
103 101
103 103
103 110
104 4
104 5
104 18
104 101
104 103
104 110
105 18
105 101
105 103
106 4
106 5
106 18
106 101
106 103
107 4
107 6
107 17
107 18
107 101
107 103
107 110
108 3
108 4
108 9
108 36
108 42
108 106
108 152
109 1
109 3
109 4
109 5
109 8
109 9
109 10
109 12
109 16
109 20
109 39
109 42
109 47
109 61
109 69
109 74
109 89
109 90
109 101
109 106
110 40
